-0.0216604117652,-1.40234926871,-0.0962250448649,0.0,0.492373819236,-1.18645630881,-0.741030074463,Ccp
-2.19307716493,-0.667571363458,-0.0962250448649,0.0,0.3297412547,-0.679545352309,-0.305469557358,Ccp
0.340242380429,-0.667571363458,-0.0962250448649,0.0,-0.0768401566383,-0.587379723854,-0.208678331335,Ccp
0.495343577084,-0.0663894409804,-0.0962250448649,0.0,0.167108690165,-0.218717210034,-0.692634461451,Ccp
-1.36587078277,-1.20195529455,-0.0962250448649,0.0,0.411057536968,-1.14037349458,-0.741030074463,Ccp
0.908946768163,-0.734369354844,-0.0962250448649,0.0,-1.13395182612,-0.541296909627,-0.208678331335,Ccp
-1.05566838946,-1.46914726009,-0.0962250448649,0.0,-0.483421567977,-1.23253912304,-0.789425687474,Ccp
-1.46927158054,-1.06835931178,-0.0962250448649,0.0,0.0857924078971,-1.0021250519,-0.547447622416,Ccp
-1.52097197943,-0.400379397912,-0.0962250448649,0.0,-0.320789003441,0.0577796753311,0.323673411793,Ccp
-0.383563203959,-0.667571363458,-0.0962250448649,0.0,0.492373819236,-1.46295319418,-0.983008139521,Ccp
-0.383563203959,-1.73633922564,-0.0962250448649,0.0,0.573690101503,-1.04820786613,-0.644238848439,Ccp
-1.262469985,-0.133187432367,-0.0962250448649,0.0,-0.483421567977,-1.5090360084,-1.03140375253,Ccp
-0.538664400614,-1.20195529455,-0.0962250448649,0.0,-0.320789003441,-1.18645630881,-0.741030074463,Ccp
0.0817403860045,0.000408550406033,-0.0962250448649,0.0,-0.320789003441,-0.817793794992,-0.741030074463,Ccp
-1.41757118166,-0.467177389299,-0.0962250448649,0.0,-0.158156438906,-1.55511882263,-1.07979936554,Ccp
-1.262469985,-0.667571363458,-0.0962250448649,0.0,-0.320789003441,-0.264800024261,0.0816953467352,Ccp
-0.797166395038,-0.333581406526,-0.0962250448649,0.0,-0.971319261583,-1.18645630881,-0.741030074463,Ccp
-0.28016240619,-1.53594525148,-0.0962250448649,0.0,0.411057536968,0.103862489559,0.372069024805,Ccp
-1.36587078277,-0.667571363458,-0.0962250448649,0.0,-0.890002979315,-1.0021250519,-0.595843235428,Ccp
-0.435263602844,0.467994490111,-0.0962250448649,0.0,-0.890002979315,-1.32470475149,-0.886216913498,Ccp
-0.486964001729,-0.333581406526,-0.0962250448649,0.0,-0.971319261583,-1.27862193727,-2.43487652987,Ccp
-0.952267591693,-1.80313721703,-0.0962250448649,0.0,1.87475061779,-2.06202977913,-1.75733794771,Ccp
0.0817403860045,0.267600515952,-0.0962250448649,0.0,-0.72737041478,-0.725628166537,-0.35386517037,Ccp
-1.00396799058,-2.27072315673,-0.0962250448649,0.0,0.492373819236,-1.78553289377,-1.3217774306,Ccp
-0.693765597269,-0.734369354844,-0.0962250448649,0.0,-0.158156438906,-1.27862193727,-1.3217774306,Ccp
-1.05566838946,-0.867965337617,-0.0962250448649,0.0,-0.158156438906,-0.264800024261,0.0816953467352,Ccp
-1.262469985,-0.667571363458,-0.0962250448649,0.0,-0.239472721174,-0.771710980764,-0.402260783381,Ccp
-1.46927158054,0.0672065417924,-0.0962250448649,0.0,0.00447612562941,-0.817793794992,-0.450656396393,Ccp
-0.331862805075,-0.867965337617,-0.0962250448649,0.0,0.248424972433,-0.679545352309,-0.305469557358,Ccp
-0.331862805075,-0.734369354844,-0.0962250448649,0.0,-0.239472721174,-0.863876609219,-0.450656396393,Ccp
0.185141183774,-0.801167346231,-0.0962250448649,0.0,-0.483421567977,-1.09429068036,-0.692634461451,Ccp
-0.797166395038,-1.13515730316,-0.0962250448649,0.0,-0.971319261583,-0.679545352309,-0.305469557358,Ccp
0.340242380429,0.0672065417924,-0.0962250448649,0.0,-1.29658439065,-0.587379723854,-0.208678331335,Ccp
-0.486964001729,-1.40234926871,-0.0962250448649,0.0,-0.646054132512,-0.679545352309,-0.305469557358,Ccp
-1.31417038389,-1.00156132039,-0.0962250448649,0.0,-1.54053323746,-1.41687037995,-0.934612526509,Ccp
-0.693765597269,0.267600515952,-0.0962250448649,0.0,-0.72737041478,-0.541296909627,-0.208678331335,Ccp
-1.05566838946,0.134004533179,-0.0962250448649,0.0,-0.646054132512,-0.956042237674,-0.547447622416,Ccp
0.805545970393,-0.199985423753,-0.0962250448649,0.0,0.736322666039,-0.909959423447,-0.499052009404,Ccp
-0.900567192808,-0.533975380685,-0.0962250448649,0.0,-1.21526810839,-1.0021250519,-0.595843235428,Ccp
-0.590364799499,-0.26678341514,-0.0962250448649,0.0,-0.158156438906,-1.27862193727,-1.03140375253,Ccp
-0.848866793923,-0.333581406526,-0.0962250448649,0.0,0.167108690165,-0.817793794992,-0.450656396393,Ccp
-1.00396799058,-0.867965337617,-0.0962250448649,0.0,0.736322666039,-0.403048466944,-0.0634914922997,Ccp
-0.486964001729,0.000408550406033,-0.0962250448649,0.0,-0.402105285709,-0.495214095399,-0.160282718323,Ccp
-1.10736878835,-0.801167346231,-0.0962250448649,0.0,0.00447612562941,-0.771710980764,-0.402260783381,Ccp
0.598744374853,-0.333581406526,-0.0962250448649,0.0,-0.158156438906,-0.679545352309,-0.450656396393,Ccp
-1.67607317608,-0.801167346231,-0.0962250448649,0.0,-0.402105285709,-0.356965652717,-0.015095879288,Ccp
-0.28016240619,-1.00156132039,-0.0962250448649,0.0,0.411057536968,0.242110932241,0.51725586384,Ccp
-0.331862805075,-0.667571363458,-0.0962250448649,0.0,-0.890002979315,-1.0021250519,-0.547447622416,Ccp
-0.383563203959,-1.00156132039,-0.0962250448649,0.0,0.655006383771,-1.60120163686,-1.12819497856,Ccp
-1.36587078277,-1.13515730316,-0.0962250448649,0.0,-0.564737850245,-0.771710980764,-0.35386517037,Ccp
-0.642065198384,0.134004533179,-0.0962250448649,0.0,-0.646054132512,-0.356965652717,-0.692634461451,Ccp
-1.05566838946,-1.33555127732,-0.0962250448649,0.0,-0.402105285709,-2.15419540759,-1.61215110867,Ccp
-1.41757118166,-0.934763329004,-0.0962250448649,0.0,-1.21526810839,-0.495214095399,-0.160282718323,Ccp
-1.36587078277,0.534792481497,-0.0962250448649,0.0,-1.05263554385,0.149945303786,0.420464637817,Ccp
-0.125061209535,-0.199985423753,-0.0962250448649,0.0,-2.27237977787,-1.55511882263,-1.17659059157,Ccp
0.236841582659,-0.199985423753,-0.0962250448649,0.0,-1.78448208426,-0.771710980764,-0.402260783381,Ccp
0.0817403860045,-0.867965337617,-0.0962250448649,0.0,-1.21526810839,-0.633462538082,-0.257073944346,Ccp
-0.486964001729,-1.00156132039,-0.0962250448649,0.0,-0.402105285709,-0.771710980764,-0.402260783381,Ccp
-0.28016240619,-1.06835931178,-0.0962250448649,0.0,-1.62184951972,-0.771710980764,-0.35386517037,Ccp
-0.383563203959,-0.801167346231,-0.0962250448649,0.0,0.3297412547,-0.725628166537,-0.35386517037,Ccp
-0.28016240619,0.401196498724,-0.0962250448649,0.0,0.00447612562941,-0.172634395806,0.178486572759,Ccp
0.133440784889,-0.934763329004,-0.0962250448649,0.0,-0.72737041478,-1.0021250519,-0.595843235428,Ccp
-0.693765597269,-0.600773372072,-0.0962250448649,0.0,-0.158156438906,-0.126551581579,0.178486572759,Ccp
-1.6243727772,-1.33555127732,-0.0962250448649,0.0,-0.320789003441,-1.18645630881,-0.741030074463,Ccp
-0.125061209535,-1.40234926871,-0.0962250448649,0.0,0.0857924078971,-0.771710980764,-0.35386517037,Ccp
-1.31417038389,-0.467177389299,-0.0962250448649,0.0,0.3297412547,0.103862489559,0.420464637817,Ccp
-1.262469985,-0.867965337617,-0.0962250448649,0.0,-0.72737041478,-0.771710980764,-0.402260783381,Ccp
0.133440784889,0.467994490111,-0.0962250448649,0.0,-0.646054132512,-0.126551581579,0.178486572759,Ccp
-1.262469985,-0.867965337617,-0.0962250448649,0.0,-0.564737850245,-1.09429068036,-0.692634461451,Ccp
-0.745465996154,-0.133187432367,-0.0962250448649,0.0,0.492373819236,-0.449131281172,-0.111887105311,Ccp
-1.21076958612,-1.60274324287,-0.0962250448649,0.0,-1.29658439065,-1.14037349458,-0.741030074463,Ccp
-0.28016240619,0.0672065417924,-0.0962250448649,0.0,-0.239472721174,-1.09429068036,-0.692634461451,Ccp
-0.642065198384,0.000408550406033,-0.0962250448649,0.0,-0.646054132512,-0.633462538082,-0.257073944346,Ccp
-0.28016240619,-0.533975380685,-0.0962250448649,0.0,-0.646054132512,-1.14037349458,-1.46696426964,Ccp
-1.31417038389,-0.467177389299,-0.0962250448649,0.0,-1.05263554385,-1.0021250519,-0.595843235428,Ccp
-0.383563203959,-1.33555127732,-0.0962250448649,0.0,-0.158156438906,-1.09429068036,-0.692634461451,Ccp
-0.0733608106501,-0.533975380685,-0.0962250448649,0.0,-0.402105285709,-1.14037349458,-0.741030074463,Ccp
-0.435263602844,-0.133187432367,-0.0962250448649,0.0,0.0857924078971,-0.264800024261,0.0332997337236,Ccp
-0.28016240619,-1.46914726009,-0.0962250448649,0.0,-0.564737850245,-1.04820786613,-0.644238848439,Ccp
-1.05566838946,-0.600773372072,-0.0962250448649,0.0,-0.158156438906,-0.541296909627,-0.208678331335,Ccp
-0.797166395038,-1.46914726009,-0.0962250448649,0.0,-0.72737041478,-0.679545352309,-0.305469557358,Ccp
-0.435263602844,-0.467177389299,-0.0962250448649,0.0,-0.402105285709,-0.863876609219,-0.450656396393,Ccp
-1.05566838946,-0.199985423753,-0.0962250448649,0.0,-0.72737041478,-1.23253912304,-0.789425687474,Ccp
-0.797166395038,0.334398507338,-0.0962250448649,0.0,0.655006383771,-0.863876609219,-0.450656396393,Ccp
-0.693765597269,0.401196498724,-0.0962250448649,0.0,-0.564737850245,-0.218717210034,0.130090959747,Ccp
-0.486964001729,-0.26678341514,-0.0962250448649,0.0,0.167108690165,-0.0343859531239,0.275277798782,Ccp
0.0300399871197,-0.0663894409804,-0.0962250448649,0.0,-0.0768401566383,-0.172634395806,0.130090959747,Ccp
0.133440784889,-0.400379397912,-0.0962250448649,0.0,-1.05263554385,-0.633462538082,-0.402260783381,Ccp
0.0300399871197,0.0672065417924,-0.0962250448649,0.0,-1.86579836653,-1.23253912304,-0.789425687474,Ccp
0.185141183774,-0.533975380685,-0.0962250448649,0.0,-2.76027747147,-0.956042237674,-0.547447622416,Ccp
-0.797166395038,-0.26678341514,-0.0962250448649,0.0,0.167108690165,-0.679545352309,-0.305469557358,Ccp
-0.486964001729,-0.533975380685,-0.0962250448649,0.0,-1.05263554385,-1.04820786613,-1.12819497856,Ccp
-0.435263602844,-0.467177389299,-0.0962250448649,0.0,0.00447612562941,-1.18645630881,-1.22498620458,Ccp
-1.00396799058,-0.333581406526,-0.0962250448649,0.0,-1.13395182612,-1.32470475149,-0.886216913498,Ccp
-0.952267591693,-0.199985423753,-0.0962250448649,0.0,-1.70316580199,-1.0021250519,-0.547447622416,Ccp
0.753845571508,1.73715632645,-0.0962250448649,0.0,-0.402105285709,-0.679545352309,-0.595843235428,Ccp
-0.745465996154,-0.867965337617,-0.0962250448649,0.0,-1.62184951972,-0.725628166537,-0.35386517037,Ccp
0.391942779314,0.267600515952,-0.0962250448649,0.0,-1.05263554385,-1.0021250519,-0.837821300486,Ccp
0.805545970393,0.334398507338,-0.0962250448649,0.0,-1.29658439065,-0.587379723854,-1.07979936554,Ccp
0.0817403860045,-0.26678341514,-0.0962250448649,0.0,0.655006383771,-0.863876609219,-0.450656396393,Ccp
-0.590364799499,-0.667571363458,-0.0962250448649,0.0,1.06158779511,-1.14037349458,-0.741030074463,Ccp
-1.31417038389,0.467994490111,-0.0962250448649,0.0,1.06158779511,-0.725628166537,-0.35386517037,Ccp
-0.590364799499,-1.60274324287,-0.0962250448649,0.0,0.3297412547,-1.55511882263,-1.07979936554,Ccp
-0.848866793923,-0.199985423753,-0.0962250448649,0.0,0.248424972433,-1.46295319418,-1.03140375253,Ccp
-1.31417038389,-1.06835931178,-0.0962250448649,0.0,-0.971319261583,-0.909959423447,-0.499052009404,Ccp
-1.21076958612,0.000408550406033,-0.0962250448649,0.0,-0.483421567977,-0.817793794992,-0.450656396393,Ccp
-0.28016240619,-0.0663894409804,-0.0962250448649,0.0,-0.890002979315,-0.541296909627,-0.499052009404,Ccp
-0.331862805075,-1.20195529455,-0.0962250448649,0.0,-1.37790067292,-0.218717210034,0.0816953467352,Ccp
-0.0216604117652,-0.467177389299,-0.0962250448649,0.0,-0.0768401566383,-0.909959423447,-0.499052009404,Ccp
-0.125061209535,-1.46914726009,-0.0962250448649,0.0,0.492373819236,-1.37078756572,-1.22498620458,Ccp
-0.900567192808,-1.13515730316,-0.0962250448649,0.0,0.817638948306,-2.01594696491,-1.46696426964,Ccp
-0.797166395038,-1.00156132039,-0.0962250448649,0.0,0.0857924078971,-0.0343859531239,0.275277798782,Ccp
-0.745465996154,-1.06835931178,-0.0962250448649,0.0,-0.320789003441,-0.909959423447,-1.12819497856,Ccp
-0.590364799499,-1.33555127732,-0.0962250448649,0.0,-0.564737850245,-0.956042237674,-0.547447622416,Ccp
-0.590364799499,-0.400379397912,-0.0962250448649,0.0,-0.564737850245,-1.37078756572,-0.934612526509,Ccp
-0.435263602844,0.0672065417924,-0.0962250448649,0.0,0.655006383771,-1.37078756572,-0.934612526509,Ccp
-0.797166395038,-0.533975380685,-0.0962250448649,0.0,-0.72737041478,-0.725628166537,-0.35386517037,Ccp
0.0817403860045,-0.0663894409804,-0.0962250448649,0.0,0.248424972433,-1.64728445109,-1.17659059157,Ccp
-1.262469985,0.0672065417924,-0.0962250448649,0.0,-1.05263554385,-0.356965652717,-0.015095879288,Ccp
-1.05566838946,-1.46914726009,-0.0962250448649,0.0,0.00447612562941,-0.356965652717,-0.015095879288,Ccp
-1.262469985,-1.60274324287,-0.0962250448649,0.0,-0.890002979315,-0.817793794992,-0.402260783381,Ccp
-1.31417038389,-0.600773372072,-0.0962250448649,0.0,-0.0768401566383,-1.23253912304,-0.789425687474,Ccp
-1.67607317608,-0.734369354844,-0.0962250448649,0.0,0.248424972433,-0.909959423447,-0.547447622416,Ccp
-2.34817836159,-1.26875328594,-0.0962250448649,0.0,-0.72737041478,-0.956042237674,-0.547447622416,Ccp
0.598744374853,-0.934763329004,-0.0962250448649,0.0,-0.0768401566383,-0.679545352309,-0.305469557358,Ccp
-0.797166395038,0.0672065417924,-0.0962250448649,0.0,-0.483421567977,-0.587379723854,-0.208678331335,Ccp
-1.10736878835,-1.13515730316,-0.0962250448649,0.0,-0.402105285709,-1.27862193727,-0.837821300486,Ccp
-0.486964001729,-0.26678341514,-0.0962250448649,0.0,-0.646054132512,-0.679545352309,-0.305469557358,Ccp
-1.36587078277,-1.06835931178,-0.0962250448649,0.0,-0.564737850245,-1.09429068036,-0.644238848439,Ccp
-0.642065198384,-0.400379397912,-0.0962250448649,0.0,-0.646054132512,-0.495214095399,-0.160282718323,Ccp
-2.55497995712,-0.801167346231,-0.0962250448649,0.0,-0.646054132512,-0.0804687673514,0.22688218577,Ccp
-0.538664400614,-1.26875328594,-0.0962250448649,0.0,-0.971319261583,-0.725628166537,-0.35386517037,Ccp
-1.00396799058,-0.400379397912,-0.0962250448649,0.0,-0.0768401566383,-1.27862193727,-0.837821300486,Ccp
-1.15906918723,-1.33555127732,-0.0962250448649,0.0,1.71211805325,-1.0021250519,-0.547447622416,Ccp
-1.67607317608,0.134004533179,-0.0962250448649,0.0,-0.0768401566383,-0.587379723854,-0.208678331335,Ccp
-0.693765597269,-0.533975380685,-0.0962250448649,0.0,0.248424972433,-0.817793794992,-0.450656396393,Ccp
-1.00396799058,-0.867965337617,-0.0962250448649,0.0,-0.564737850245,-1.46295319418,-0.983008139521,Ccp
-1.21076958612,-0.667571363458,-0.0962250448649,0.0,-1.13395182612,-1.09429068036,-0.644238848439,Ccp
-0.486964001729,-0.600773372072,-0.0962250448649,0.0,0.411057536968,-1.27862193727,-0.837821300486,Ccp
-1.41757118166,-1.06835931178,-0.0962250448649,0.0,-0.646054132512,-0.956042237674,-0.547447622416,Ccp
-0.28016240619,-1.00156132039,-0.0962250448649,0.0,-0.483421567977,0.103862489559,0.420464637817,Ccp
-1.15906918723,-0.533975380685,-0.0962250448649,0.0,-1.05263554385,-0.541296909627,-0.35386517037,Ccp
-1.72777357497,-0.467177389299,-0.0962250448649,0.0,0.3297412547,-1.04820786613,-0.644238848439,Ccp
-2.24477756382,0.735186455656,-0.0962250448649,0.0,-0.0768401566383,1.94717505866,-0.644238848439,Cim
-0.28016240619,0.134004533179,-0.0962250448649,0.0,-0.564737850245,-0.126551581579,0.178486572759,Cim
0.702145172623,-0.199985423753,-0.0962250448649,0.0,0.0857924078971,1.48634691638,1.63035496311,Cim
-1.36587078277,-0.133187432367,-0.0962250448649,0.0,0.736322666039,1.76284380175,1.87233302817,Cim
-0.797166395038,-0.0663894409804,-0.0962250448649,0.0,0.655006383771,1.62459535907,1.43677251106,Cim
-0.331862805075,-0.667571363458,-0.0962250448649,0.0,0.655006383771,1.16376721679,1.33998128504,Cim
-0.17676160842,0.735186455656,-0.0962250448649,0.0,-0.158156438906,1.67067817329,1.77554180214,Cim
-1.15906918723,-1.00156132039,-0.0962250448649,0.0,0.0857924078971,1.25593284525,1.38837689805,Cim
0.133440784889,-0.734369354844,-0.0962250448649,0.0,1.22422035965,0.979435959882,1.09800321998,Cim
-1.05566838946,-0.199985423753,-0.0962250448649,0.0,1.71211805325,0.702939074516,0.904420767933,Cim
0.288541981544,-0.199985423753,-0.0962250448649,0.0,0.573690101503,1.30201565947,1.43677251106,Cim
-1.93457517051,1.13597440397,-0.0962250448649,0.0,1.95606690005,0.380359374924,0.614047089863,Cim
-0.486964001729,0.000408550406033,-0.0962250448649,0.0,1.22422035965,1.48634691638,1.63035496311,Cim
1.21914916147,-0.934763329004,-0.0962250448649,0.0,0.248424972433,1.90109224443,2.0175198672,Cim
1.78785354921,-0.400379397912,-0.0962250448649,0.0,-0.158156438906,0.979435959882,1.14639883299,Cim
-0.0733608106501,-0.333581406526,-0.0962250448649,0.0,0.817638948306,1.30201565947,1.43677251106,Cim
0.236841582659,-0.0663894409804,-0.0962250448649,0.0,-0.808686697048,1.71676098752,1.82393741515,Cim
-0.0733608106501,-0.600773372072,-0.0962250448649,0.0,0.0857924078971,1.8550094302,1.82393741515,Cim
0.0300399871197,1.06917641259,-0.0962250448649,0.0,-1.54053323746,1.94717505866,2.0175198672,Cim
1.16744876259,-0.26678341514,-0.0962250448649,0.0,0.0857924078971,0.749021888744,0.952816380945,Cim
-0.125061209535,0.334398507338,-0.0962250448649,0.0,0.655006383771,0.979435959882,1.194794446,Cim
-0.848866793923,0.401196498724,-0.0962250448649,0.0,-1.37790067292,1.30201565947,1.43677251106,Cim
0.753845571508,0.534792481497,-0.0962250448649,0.0,-0.158156438906,1.30201565947,1.09800321998,Cim
0.236841582659,0.467994490111,-0.0962250448649,0.0,0.492373819236,1.44026410216,1.5819593501,Cim
-0.125061209535,0.601590472884,-0.0962250448649,0.0,0.167108690165,1.20985003102,1.38837689805,Cim
0.702145172623,0.000408550406033,-0.0962250448649,0.0,0.736322666039,1.62459535907,1.72714618913,Cim
-0.0216604117652,-0.533975380685,-0.0962250448649,0.0,0.248424972433,1.3480984737,1.48516812407,Cim
-0.952267591693,0.000408550406033,-0.0962250448649,0.0,0.573690101503,1.57851254484,1.67875057612,Cim
1.27084956036,-0.400379397912,-0.0962250448649,0.0,0.411057536968,1.76284380175,1.87233302817,Cim
-0.848866793923,-0.333581406526,-0.0962250448649,0.0,-0.402105285709,1.76284380175,1.87233302817,Cim
-0.228462007305,-0.667571363458,-0.0962250448649,0.0,0.898955230574,1.11768440256,1.29158567203,Cim
1.1157483637,-0.667571363458,-0.0962250448649,0.0,1.71211805325,0.933353145654,1.14639883299,Cim
0.0300399871197,-0.867965337617,-0.0962250448649,0.0,1.30553664191,0.656856260289,0.904420767933,Cim
0.857246369278,0.200802524565,-0.0962250448649,0.0,0.736322666039,0.749021888744,0.759233928898,Cim
0.547043975969,0.735186455656,-0.0962250448649,0.0,0.3297412547,0.795104702971,1.00121199396,Cim
1.73615315032,-0.867965337617,-0.0962250448649,0.0,0.898955230574,0.979435959882,1.14639883299,Cim
-0.797166395038,0.0672065417924,-0.0962250448649,0.0,1.38685292418,1.8550094302,1.92072864118,Cim
0.702145172623,0.267600515952,-0.0962250448649,0.0,1.22422035965,1.3480984737,1.48516812407,Cim
1.06404796482,-0.667571363458,-0.0962250448649,0.0,0.492373819236,1.67067817329,1.5819593501,Cim
0.547043975969,0.000408550406033,10.3923048454,0.0,0.3297412547,1.25593284525,1.43677251106,Cim
-1.72777357497,0.0672065417924,-0.0962250448649,0.0,-1.37790067292,-0.495214095399,-0.111887105311,Cim
1.27084956036,1.33636837813,-0.0962250448649,0.0,1.30553664191,0.702939074516,0.904420767933,Cim
-1.52097197943,-0.26678341514,-0.0962250448649,0.0,0.573690101503,1.30201565947,1.48516812407,Cim
2.04635554363,0.334398507338,-0.0962250448649,0.0,0.0857924078971,1.02551877411,1.24319005901,Cim
1.06404796482,-0.26678341514,-0.0962250448649,0.0,0.492373819236,1.30201565947,1.09800321998,Cim
-1.93457517051,-0.467177389299,-0.0962250448649,0.0,1.06158779511,0.933353145654,1.14639883299,Cim
0.598744374853,0.134004533179,-0.0962250448649,0.0,0.3297412547,0.795104702971,0.0816953467352,Cim
-0.848866793923,-0.867965337617,-0.0962250448649,0.0,-0.320789003441,0.702939074516,0.904420767933,Cim
0.702145172623,1.0023784212,-0.0962250448649,0.0,1.30553664191,0.795104702971,1.00121199396,Cim
-0.435263602844,0.0672065417924,-0.0962250448649,0.0,0.248424972433,1.16376721679,1.33998128504,Cim
-0.797166395038,1.13597440397,-0.0962250448649,0.0,0.167108690165,1.20985003102,1.38837689805,Cim
0.443643178199,-1.06835931178,-0.0962250448649,0.0,0.492373819236,1.71676098752,1.48516812407,Cim
0.495343577084,0.401196498724,-0.0962250448649,0.0,0.411057536968,1.39418128793,1.53356373708,Cim
0.0817403860045,-0.667571363458,-0.0962250448649,0.0,0.573690101503,0.564690631834,0.80762954191,Cim
0.0300399871197,0.467994490111,-0.0962250448649,0.0,1.71211805325,0.518607817606,0.759233928898,Cim
0.547043975969,-0.26678341514,-0.0962250448649,0.0,-0.402105285709,1.44026410216,1.5819593501,Cim
-0.642065198384,-0.199985423753,-0.0962250448649,0.0,-0.890002979315,1.20985003102,1.38837689805,Cim
0.443643178199,0.334398507338,-0.0962250448649,0.0,0.573690101503,0.933353145654,1.14639883299,Cim
-0.693765597269,-0.199985423753,-0.0962250448649,0.0,0.0857924078971,0.887270331426,1.04960760697,Cim
-0.538664400614,-0.600773372072,-0.0962250448649,0.0,0.167108690165,1.02551877411,1.194794446,Cim
-0.745465996154,0.0672065417924,-0.0962250448649,0.0,0.898955230574,0.979435959882,1.14639883299,Cim
-0.952267591693,-0.400379397912,-0.0962250448649,0.0,0.00447612562941,1.3480984737,1.53356373708,Cim
0.598744374853,1.06917641259,-0.0962250448649,0.0,-0.320789003441,1.71676098752,1.82393741515,Cim
-0.0733608106501,-0.0663894409804,-0.0962250448649,0.0,0.167108690165,1.25593284525,1.00121199396,Cim
-1.98627556939,0.000408550406033,-0.0962250448649,0.0,0.655006383771,1.02551877411,0.856025154922,Cim
-0.952267591693,-0.934763329004,-0.0962250448649,0.0,0.655006383771,2.03934068711,2.11431109322,Cim
0.960647167048,0.0672065417924,-0.0962250448649,0.0,1.71211805325,1.16376721679,1.33998128504,Cim
1.01234756593,-0.734369354844,-0.0962250448649,0.0,0.573690101503,1.20985003102,1.38837689805,Cim
0.133440784889,0.267600515952,-0.0962250448649,0.0,0.980271512842,1.20985003102,1.38837689805,Cim
-0.17676160842,0.601590472884,-0.0962250448649,0.0,-1.13395182612,1.20985003102,-1.3217774306,Cim
-0.693765597269,-0.333581406526,-0.0962250448649,0.0,-0.971319261583,1.3480984737,-1.61215110867,Cim
-2.55497995712,0.0672065417924,-0.0962250448649,0.0,-1.21526810839,0.795104702971,-0.305469557358,Cim
-2.03797596828,-0.0663894409804,-0.0962250448649,0.0,-0.72737041478,0.795104702971,-1.41856865663,Cim
-1.00396799058,0.0672065417924,-0.0962250448649,0.0,-0.646054132512,0.518607817606,-0.789425687474,Cim
0.598744374853,-0.199985423753,-0.0962250448649,0.0,-4.06133798776,1.39418128793,-0.886216913498,Cim
0.702145172623,1.67035833507,-0.0962250448649,0.0,1.14290407738,1.07160158834,0.759233928898,Cim
1.1157483637,0.134004533179,-0.0962250448649,0.0,1.14290407738,2.31583757248,2.35628915828,Cim
1.16744876259,-0.533975380685,-0.0962250448649,0.0,1.22422035965,1.25593284525,1.38837689805,CimU
1.52935155478,-0.600773372072,-0.0962250448649,0.0,1.30553664191,1.44026410216,1.5819593501,CimU
1.73615315032,-0.133187432367,-0.0962250448649,0.0,1.22422035965,1.20985003102,1.38837689805,CimU
1.01234756593,-0.467177389299,-0.0962250448649,0.0,0.736322666039,1.11768440256,1.29158567203,CimU
1.52935155478,-0.934763329004,-0.0962250448649,0.0,-0.320789003441,1.48634691638,0.952816380945,CimU
1.4776511559,-1.13515730316,-0.0962250448649,0.0,0.573690101503,1.25593284525,1.38837689805,CimU
1.32254995924,-0.867965337617,-0.0962250448649,0.0,1.14290407738,0.933353145654,1.14639883299,CimU
0.495343577084,-1.40234926871,-0.0962250448649,0.0,1.14290407738,1.16376721679,1.29158567203,CimU
0.908946768163,-0.867965337617,-0.0962250448649,0.0,0.3297412547,0.656856260289,0.856025154922,CimU
0.857246369278,-0.133187432367,-0.0962250448649,0.0,0.3297412547,0.933353145654,1.14639883299,CimU
0.753845571508,-0.26678341514,-0.0962250448649,0.0,-0.158156438906,1.07160158834,1.24319005901,CimU
1.37425035813,1.40316636952,-0.0962250448649,0.0,0.00447612562941,0.979435959882,1.194794446,CimU
1.78785354921,-0.0663894409804,-0.0962250448649,0.0,0.411057536968,1.30201565947,1.14639883299,CimU
1.42595075701,0.334398507338,-0.0962250448649,0.0,0.0857924078971,1.30201565947,1.14639883299,CimU
1.63275235255,-0.400379397912,-0.0962250448649,0.0,-0.646054132512,0.795104702971,0.856025154922,CimU
0.443643178199,0.66838846427,-0.0962250448649,0.0,0.736322666039,1.07160158834,1.24319005901,CimU
0.702145172623,-0.533975380685,-0.0962250448649,0.0,-0.158156438906,1.25593284525,1.43677251106,CimU
0.650444773738,-0.533975380685,-0.0962250448649,0.0,0.655006383771,1.3480984737,1.48516812407,CimU
1.89125434698,-0.734369354844,-0.0962250448649,0.0,0.736322666039,1.80892661598,1.92072864118,CimU
1.63275235255,0.200802524565,-0.0962250448649,0.0,0.573690101503,1.71676098752,1.82393741515,CimU
1.94295474586,-0.0663894409804,-0.0962250448649,0.0,0.898955230574,1.20985003102,1.38837689805,CimU
-0.125061209535,-0.26678341514,-0.0962250448649,0.0,0.980271512842,1.11768440256,1.29158567203,CimU
1.37425035813,-0.600773372072,-0.0962250448649,0.0,0.00447612562941,0.426442189151,0.565651476852,CimU
1.06404796482,0.200802524565,-0.0962250448649,0.0,1.63080177098,1.67067817329,1.77554180214,CimU
0.753845571508,-0.333581406526,-0.0962250448649,0.0,1.38685292418,0.518607817606,0.759233928898,CimU
1.63275235255,0.134004533179,-0.0962250448649,0.0,0.573690101503,1.30201565947,1.43677251106,CimU
1.21914916147,-1.60274324287,-0.0962250448649,0.0,0.573690101503,1.16376721679,1.33998128504,CimU
-0.0216604117652,0.735186455656,10.3923048454,0.0,0.492373819236,0.979435959882,1.14639883299,CimU
1.99465514475,-0.533975380685,-0.0962250448649,0.0,0.167108690165,1.07160158834,1.194794446,CimU
1.78785354921,0.267600515952,-0.0962250448649,0.0,2.03738318232,1.94717505866,0.952816380945,CimU
0.702145172623,0.0672065417924,-0.0962250448649,0.0,1.14290407738,1.02551877411,1.24319005901,CimU
1.89125434698,0.334398507338,-0.0962250448649,0.0,1.06158779511,1.44026410216,1.5819593501,CimU
1.52935155478,0.267600515952,-0.0962250448649,0.0,0.00447612562941,0.749021888744,0.856025154922,CimU
0.391942779314,-0.801167346231,-0.0962250448649,0.0,-3.57344029415,-0.0343859531239,-0.837821300486,CimU
1.4776511559,-0.400379397912,-0.0962250448649,0.0,-0.402105285709,1.07160158834,0.856025154922,CimU
1.4776511559,1.20277239536,-0.0962250448649,0.0,2.68791344046,-0.449131281172,-1.03140375253,Com
0.702145172623,1.26957038675,-0.0962250448649,0.0,1.22422035965,-0.403048466944,-1.07979936554,Com
0.908946768163,2.53873222309,-0.0962250448649,0.0,1.87475061779,0.0116968611036,-1.22498620458,Com
0.598744374853,1.67035833507,-0.0962250448649,0.0,0.0857924078971,-0.771710980764,-0.837821300486,Com
0.908946768163,2.27154025754,-0.0962250448649,0.0,1.95606690005,0.196028118014,-0.644238848439,Com
1.27084956036,2.67232820586,-0.0962250448649,0.0,0.573690101503,0.149945303786,-1.03140375253,Com
1.21914916147,2.27154025754,-0.0962250448649,0.0,2.93186228727,0.380359374924,-1.03140375253,Com
1.32254995924,1.73715632645,-0.0962250448649,0.0,2.68791344046,0.334276560696,-0.983008139521,Com
1.42595075701,0.467994490111,-0.0962250448649,0.0,3.0944948518,0.149945303786,-1.46696426964,Com
1.27084956036,1.87075230923,-0.0962250448649,0.0,2.03738318232,0.196028118014,-1.7089423347,Com
0.960647167048,1.73715632645,-0.0962250448649,0.0,2.76922972273,-0.218717210034,-1.12819497856,Com
0.340242380429,1.20277239536,-0.0962250448649,0.0,2.20001574686,-0.633462538082,-0.257073944346,Com
0.805545970393,0.0672065417924,-0.0962250448649,0.0,1.30553664191,0.196028118014,-0.837821300486,Com
0.133440784889,2.07114628338,-0.0962250448649,0.0,1.79343433552,-0.541296909627,-0.595843235428,Com
0.753845571508,0.467994490111,-0.0962250448649,0.0,1.63080177098,-0.771710980764,-1.17659059157,Com
0.547043975969,1.73715632645,10.3923048454,0.0,2.20001574686,0.426442189151,0.0816953467352,Com
1.01234756593,0.601590472884,-0.0962250448649,0.0,2.20001574686,-0.495214095399,-1.41856865663,Com
0.702145172623,-0.0663894409804,-0.0962250448649,0.0,2.36264831139,-0.218717210034,-1.07979936554,Com
1.1157483637,1.40316636952,-0.0962250448649,0.0,1.46816920645,-0.310882838489,-0.692634461451,Com
0.960647167048,0.868782438429,-0.0962250448649,0.0,1.87475061779,-0.449131281172,-0.983008139521,Com
1.27084956036,-0.0663894409804,-0.0962250448649,0.0,-0.646054132512,0.196028118014,-0.692634461451,Cpp
1.06404796482,0.735186455656,-0.0962250448649,0.0,0.492373819236,0.103862489559,-0.35386517037,Cpp
0.857246369278,2.40513624032,-0.0962250448649,0.0,-1.29658439065,-0.403048466944,-0.692634461451,Cpp
1.21914916147,1.87075230923,-0.0962250448649,0.0,0.655006383771,0.0577796753311,-0.934612526509,Cpp
0.805545970393,0.467994490111,-0.0962250448649,0.0,-0.239472721174,-0.126551581579,0.0332997337236,Cpp
1.16744876259,2.40513624032,-0.0962250448649,0.0,-2.6789611892,0.242110932241,-1.41856865663,Cpp
0.908946768163,1.33636837813,-0.0962250448649,0.0,-0.320789003441,-0.218717210034,-0.837821300486,Cpp
0.908946768163,2.07114628338,-0.0962250448649,0.0,0.3297412547,-0.0343859531239,-1.3217774306,Cpp
0.908946768163,0.735186455656,-0.0962250448649,0.0,0.0857924078971,-0.587379723854,-0.595843235428,Cpp
0.702145172623,3.34030811973,-0.0962250448649,0.0,-1.21526810839,0.0577796753311,-0.0634914922997,Cpp
0.391942779314,0.601590472884,-0.0962250448649,0.0,-0.890002979315,-0.126551581579,-0.837821300486,Cpp
1.1157483637,1.40316636952,-0.0962250448649,0.0,-0.808686697048,0.196028118014,-0.547447622416,Cpp
0.857246369278,1.60356034368,-0.0962250448649,0.0,-1.54053323746,-0.541296909627,-0.35386517037,Cpp
0.908946768163,2.07114628338,-0.0962250448649,0.0,-2.02843093106,-0.356965652717,-1.22498620458,Cpp
0.753845571508,1.46996436091,-0.0962250448649,0.0,-0.0768401566383,-0.356965652717,-1.51535988265,Cpp
0.960647167048,2.13794427477,-0.0962250448649,0.0,-0.971319261583,0.702939074516,0.275277798782,Cpp
-0.900567192808,-0.734369354844,-0.0962250448649,0.0,0.248424972433,-1.0021250519,-0.595843235428,Cpp
1.06404796482,0.935580429816,-0.0962250448649,0.0,-0.239472721174,0.0577796753311,-0.160282718323,Cpp
0.702145172623,0.467994490111,-0.0962250448649,0.0,-0.0768401566383,0.933353145654,-1.46696426964,Cpp
1.27084956036,2.13794427477,-0.0962250448649,0.0,-0.0768401566383,-0.0343859531239,-0.450656396393,Cpp
0.702145172623,2.40513624032,-0.0962250448649,0.0,-0.890002979315,-0.126551581579,-0.789425687474,Cpp
0.702145172623,2.20474226616,-0.0962250448649,0.0,-0.808686697048,-0.495214095399,-1.51535988265,Cpp
0.702145172623,1.40316636952,-0.0962250448649,0.0,0.817638948306,-0.449131281172,-0.547447622416,Cpp
1.1157483637,2.40513624032,-0.0962250448649,0.0,-0.808686697048,0.196028118014,-0.886216913498,Cpp
0.960647167048,1.87075230923,-0.0962250448649,0.0,-0.564737850245,-0.264800024261,-0.402260783381,Cpp
0.753845571508,2.27154025754,-0.0962250448649,0.0,-1.05263554385,-0.218717210034,-0.499052009404,Cpp
1.27084956036,-0.199985423753,-0.0962250448649,0.0,0.00447612562941,0.334276560696,-0.402260783381,Cpp
1.32254995924,2.27154025754,-0.0962250448649,0.0,-1.21526810839,0.103862489559,-0.837821300486,Cpp
0.702145172623,1.0023784212,-0.0962250448649,0.0,-0.890002979315,-0.264800024261,-0.741030074463,Cpp
1.01234756593,1.13597440397,-0.0962250448649,0.0,-1.62184951972,-0.495214095399,-1.27338181759,Cpp
1.06404796482,1.40316636952,-0.0962250448649,0.0,-0.646054132512,1.57851254484,1.67875057612,Cpp
1.01234756593,2.004348292,-0.0962250448649,0.0,-0.320789003441,0.334276560696,-1.17659059157,Cpp
0.753845571508,1.06917641259,-0.0962250448649,0.0,-0.72737041478,-0.495214095399,-1.46696426964,Cpp
0.702145172623,2.004348292,-0.0962250448649,0.0,-0.320789003441,-0.863876609219,-1.03140375253,Cpp
0.857246369278,1.40316636952,-0.0962250448649,0.0,-0.72737041478,0.0116968611036,-0.741030074463,Cpp
1.01234756593,0.601590472884,-0.0962250448649,0.0,-0.320789003441,-0.264800024261,0.0816953467352,Cpp
0.960647167048,1.13597440397,-0.0962250448649,0.0,-0.0768401566383,-0.449131281172,-0.789425687474,Cpp
0.753845571508,1.87075230923,-0.0962250448649,0.0,0.00447612562941,-0.633462538082,-0.595843235428,Cpp
0.650444773738,1.87075230923,-0.0962250448649,0.0,-0.239472721174,-0.0343859531239,0.178486572759,Cpp
1.37425035813,1.53676235229,-0.0962250448649,0.0,-0.483421567977,-0.495214095399,-0.547447622416,Cpp
0.753845571508,2.07114628338,-0.0962250448649,0.0,-1.05263554385,-0.495214095399,-0.305469557358,Cpp
-1.05566838946,-0.734369354844,-0.0962250448649,0.0,0.167108690165,-0.449131281172,-0.111887105311,Cpp
0.650444773738,2.20474226616,-0.0962250448649,0.0,-0.320789003441,-0.633462538082,-0.499052009404,Cpp
0.340242380429,0.267600515952,-0.0962250448649,0.0,-0.564737850245,-0.587379723854,-0.983008139521,Cpp
1.01234756593,1.06917641259,-0.0962250448649,0.0,-0.72737041478,0.0116968611036,-1.22498620458,Cpp
1.01234756593,1.0023784212,-0.0962250448649,0.0,1.06158779511,-0.0804687673514,-0.450656396393,Cpp
-0.331862805075,0.601590472884,-0.0962250448649,0.0,0.167108690165,-0.0343859531239,0.275277798782,Cpp
1.27084956036,0.401196498724,-0.0962250448649,0.0,-0.239472721174,0.841187517199,-0.983008139521,Cpp
1.1157483637,0.467994490111,-0.0962250448649,0.0,-0.158156438906,-0.679545352309,-0.886216913498,Cpp
0.598744374853,0.66838846427,-0.0962250448649,0.0,-0.483421567977,-0.495214095399,-0.595843235428,Cpp
0.495343577084,0.735186455656,-0.0962250448649,0.0,-0.646054132512,-0.356965652717,-0.644238848439,Cpp
1.27084956036,1.60356034368,-0.0962250448649,0.0,-1.54053323746,0.149945303786,0.0816953467352,Cpp
