0.142097769175,0.215462436811,6.06017918463e-05,0.304218199317,0.141701823128,-0.986151744671,-0.383577423013,C1
0.0111880256959,0.00822375713017,0.428515270138,-0.168624663776,0.197432228906,-1.78816620182,-0.922013486611,C1
-0.192066576022,-0.360200562302,1.44238324771,-0.76363745322,0.208047544293,-0.667479333601,-1.18919198787,C1
-0.347091272248,-0.475333162124,1.03938133194,-0.688978053784,0.319508355849,-0.96081795467,-1.22998259875,C1
0.445257175128,0.330595036633,1.37450924084,0.0666655647488,0.805159034775,-1.56349548523,-0.47535629749,C1
-0.161061636777,-0.268094482444,1.02241283022,-0.548708879086,0.141701823128,-0.825482181767,-0.922013486611,C1
-0.0542668460439,-0.0531802961084,0.377609764988,-0.148263009385,0.00104889425841,-0.0761353406731,-0.385616953557,C1
-0.254076454512,-0.352525055647,0.852727813054,-0.471787073607,0.115163534662,-0.666812654916,-0.832274142678,C1
0.614061844351,0.69134384941,0.157019242671,0.960315951935,0.547737636656,-1.10682058652,0.956394144352,C1
0.548606972611,0.530158209658,0.72122192475,0.577969330582,0.65389079052,-1.1541547731,0.254795637239,C1
0.142097769175,0.223137943465,-0.0593291542165,0.193360303185,-0.0440661961336,0.561876160152,-0.191861551883,C1
-0.281636400508,-0.306472015718,0.3648833887,-0.431063764824,-0.152873178844,-1.32215780153,-0.830234612134,C1
-0.329866306001,-0.413929108885,0.72122192475,-0.42880135878,-0.158180836537,0.190536133026,-1.36663114519,C1
-0.367761231745,-0.383227082266,0.207924747821,-0.33830511704,-0.27229547694,-0.376140748585,-1.0933340523,C1
-0.381541204742,-0.390902588921,0.144292866384,-0.331517898909,-0.383756288497,-0.512143200171,-1.18919198787,C1
-0.0887167785384,-0.21436593586,1.20058209825,-0.627893090609,0.197432228906,0.323205191191,-1.2789313318,C1
-0.295416373506,-0.559763735327,2.00658592979,-1.1527712927,0.330123671236,1.02255113097,-1.2789313318,C1
0.290232478902,0.146382876917,1.47632025114,-0.229709626951,0.677775250139,-1.40082588627,-0.738455737657,C1
-0.0508218527944,-0.268094482444,1.87932216691,-0.958204372962,0.550391465503,-1.28882386732,-1.5481493636,C1
-0.732930516187,-0.759326908353,-0.101750408508,-0.910693846048,-0.556255163526,0.267870860399,-1.00767376946,C1
-0.236851488265,-0.122259856002,-0.534447202283,0.0666655647488,-0.343948855798,-0.418808184376,-0.473316766946,C1
-0.254076454512,-0.229716949169,0.0509661069419,-0.245546469256,-0.240449530781,-0.674812799127,-0.385616953557,C1
0.355687350642,0.261515476739,1.1793714711,-0.0238306769916,0.659198448213,-1.95676924107,-0.64667686318,C1
-0.953410084153,-1.02029413462,-0.19507716795,-1.19801941357,-0.85613782319,-1.52349476417,-0.911815833892,C1
0.0559729379388,0.154058383572,-0.224772045954,0.363040756449,-0.0361047095939,-1.2728235789,-0.830234612134,C1
0.462482141375,0.461078649765,0.589716036446,0.462586622363,0.430969167406,-1.86483425051,-0.20613826569,C1
-0.629580718703,-0.613492281911,-0.292646052821,-0.528347224695,-0.617293226997,-0.218137900418,-1.18919198787,C1
-0.726040529688,-0.682571841804,-0.619289710867,-0.528347224695,-0.803061246259,-0.797481677029,-1.09945264393,C1
-0.254076454512,-0.291121002408,0.466694399,-0.198035942342,-0.099796601912,-0.630812005967,-0.754771982009,C1
-0.481446008977,-0.413929108885,-0.4496046937,-0.25459609343,-0.51379390198,-0.112802668307,-0.634439679917,C1
-0.581350813211,-0.567439241982,-0.203561418808,-0.394865268127,-0.752638498173,-1.89676815948,-0.718060432218,C1
0.221332613913,0.292217503359,0.0594503578002,0.290643763056,0.298277725077,-0.192137431732,-0.367261178661,C1
-0.260966441011,-0.114584349347,-0.767764100887,0.200147521316,-0.192680611543,0.146535339866,-0.222454510042,C1
-0.312641339753,-0.298796509063,0.0764188595169,-0.0984900764275,-0.28821845002,-1.05081957704,-0.807799776151,C1
0.0697529109367,0.0926543303333,0.292767256404,0.188835491098,0.184163084673,-1.04748618362,-0.098043146862,C1
0.438367188629,0.338270543288,1.23027697625,0.182048272968,0.600814213588,-0.953484489143,0.0712378882845,C1
0.465927134624,0.545509222968,0.101871612092,0.446749780059,0.54508380781,-0.584811176754,0.242558453975,C1
0.769086540577,0.629939796171,1.56540488515,0.46032421632,1.12627232521,-0.496142911749,0.154858640586,C1
-0.0163719202998,-0.030153776144,0.479420775288,0.0621407526618,0.0780099308096,-0.392141037006,-0.202059204603,C1
-0.195511569272,-0.298796509063,0.992717952217,-0.523822412608,0.104548219275,1.98990190181,-0.830234612134,C1
-0.450441069732,-0.544412722017,0.683042795888,-0.63468030874,-0.27229547694,-0.742147346236,-0.469237705858,C1
-0.464221042729,-0.544412722017,0.602442412734,-0.627893090609,-0.266987819247,-0.967484741512,-0.473316766946,C1
-0.581350813211,-0.774677921662,1.26845610511,-1.10978557788,-0.152873178844,-0.826148860452,-1.27485227071,C1
0.224777607162,0.23081345012,0.466694399,0.562132488278,0.364623446241,0.673878179105,0.244597984519,C1
0.0904228704334,-0.0148027628343,1.17088722024,-0.112064512689,0.539776150116,-0.381474178058,-0.46515864477,C1
-0.360871245246,-0.398578095576,0.356399137842,-0.571332939521,-0.274949305787,-1.42682635496,-0.911815833892,C1
0.17654770167,0.154058383572,0.640621541596,0.16394902462,0.356661959702,-1.55549534102,-0.563056110879,C1
0.0490829514399,0.000548250475345,0.733948301038,-0.13242616708,0.314200698156,-0.494809554381,-0.47535629749,C1
-0.0198169135493,-0.030153776144,0.462452273571,-0.188986318168,0.0859714173493,-0.664145940179,-0.605886252301,C1
0.00429803919694,0.0849788236784,-0.1441716628,0.111913685619,-0.00160493458818,-1.04748618362,-0.116398921757,C1
-0.14383667053,-0.122259856002,0.173987744388,-0.0984900764275,0.0355486692641,0.183202667499,-0.538581744352,C1
0.321237418147,0.269190983394,0.903633318204,0.102864061445,0.465468942412,1.26188877861,-0.554897988703,C1
-0.123166711033,0.0389257837495,-0.729584972025,0.195622709229,-0.386410117344,0.277204361978,-0.0246200472803,C1
-0.178286603024,-0.21436593586,0.513357778721,-0.281744965952,-0.158180836537,-0.248138441209,-0.375419300837,C1
-0.112831731285,0.0312502770947,-0.648984588871,0.25444526636,-0.386410117344,-1.47949397101,0.160977232218,C1
0.0628629244377,0.161733890227,-0.220529920525,0.166211430663,-0.123681061531,-1.17815520573,0.0630797661088,C1
-0.133501690781,-0.160637389276,0.458210148142,-0.544184066999,0.314200698156,-0.598811429123,-0.742534798745,C1
0.0249679986937,-0.0992333360374,1.25572972883,-0.553233691173,0.407084707787,-1.70549804497,-0.652795454812,C1
0.183437688169,0.161733890227,0.623653039879,0.0757151889228,0.425661509713,-1.13415441257,-0.379498361925,C1
-0.943075104404,-0.836081974901,-1.34893528468,-1.06227505096,-0.601370253918,-1.46549371864,-1.81328833431,C1
-1.18077963862,-1.30428788085,-0.114476784796,-1.40389836353,-1.084367104,-0.666812654916,-1.63380964644,C1
-1.24623451036,-1.48082453391,0.551536907584,-1.64371340415,-1.00740606745,-0.954151167827,-1.43801471423,C1
-0.856950273168,-1.05099616124,0.903633318204,-1.25005475257,-0.574831965452,-0.320139739108,-1.63788870753,C1
-0.560680853714,-0.552088228672,-0.127203161083,-0.528347224695,-0.500524757747,0.304538188032,-0.652795454812,C1
-0.71226055669,-0.759326908353,0.0255133543669,-0.829247228481,-0.617293226997,-1.68283096971,-1.27689180126,C1
-0.677810624196,-0.813055454936,0.716979799321,-1.10752317183,-0.370487144264,-0.898816837035,-1.63380964644,C1
-0.174841609775,-0.145286375966,0.0679346086585,0.00331819553048,-0.182065296156,-1.59149598997,-0.526344561088,C1
-0.288526387007,-0.206690429205,-0.360520059687,-0.0441923313832,-0.266987819247,-0.988818459408,-0.563056110879,C1
-0.164506630027,-0.129935362657,0.0679346086585,-0.134688573124,-0.28025696348,-1.49082750865,-0.220414979498,C1
-0.729485522938,-0.621167788566,-1.06895500636,-0.489886321955,-0.999444580906,-0.111469310938,-0.695625596235,C1
0.958561169297,1.09047019546,-0.156898039087,1.27252798594,0.802505205929,0.250537214608,1.32962823389,C2
0.68640670259,0.852529489161,-0.369004310546,0.835883619542,0.598160384741,0.649877746472,0.956394144352,C2
0.831096419067,0.89858252909,0.224893249538,0.790635498672,0.890081557866,0.559209445415,0.780994517573,C2
1.46842017022,1.3053843818,1.57388913601,1.18881896233,1.78176805032,-0.509476485434,1.36837931423,C2
0.679516716091,0.729721382684,0.322462134409,0.878869334369,0.603468042435,0.202536349342,0.88297104477,C2
0.662291749844,0.814151955887,-0.305372429108,0.675252790453,0.476084257798,0.813214024113,0.789152639749,C2
0.851766378564,1.03674164888,-0.470815320846,0.985202418414,0.383200248168,0.0825341861778,1.04817301883,C2
2.01961909013,2.04990852731,0.224893249538,2.15034153082,1.47392390412,0.500541721201,2.12708467657,C2
1.40985528498,1.48192103486,0.169745618959,1.84717912099,1.00950385596,0.909215754645,1.94556645816,C2
0.782866513575,0.760423409303,0.7721274299,0.501047525103,0.815774350162,-0.561477422805,0.689215643096,C2
0.579611911857,0.599237769552,0.479420775288,0.557607676191,0.553045294349,1.22122137887,0.962512735984,C2
1.33406543349,1.25165583521,1.13270809138,0.85398286789,1.58803854452,1.08255221255,0.96047320544,C2
1.84392443441,1.78894130105,0.780611680759,1.48519415403,1.60661534645,0.981883731228,1.58864861297,C2
1.62688985969,1.67380870123,0.292767256404,1.70917235234,1.36246309256,-1.48549407917,1.76404823975,C2
1.6062199002,1.65078218126,0.297009381834,1.66844904355,1.43942412911,-0.492142839644,1.58456955188,C2
1.17904073726,1.17490076866,0.678800670459,1.23180467716,1.04134980212,-0.838149076768,1.60904391841,C2
1.38918532548,1.3053843818,1.09877108795,1.03045053928,1.34123246179,-1.36749195206,1.42956523054,C2
1.42363525797,1.61240464799,-0.508994449708,2.08246934952,1.09177255021,-0.00613407882716,2.22294261213,C2
2.18153377285,2.034557514,1.18361359653,2.13676709456,2.05511242152,1.38655769257,1.6783879569,C2
2.07818397537,1.91174940753,1.36178286455,1.85849115121,2.05245859267,0.877215177801,1.86194570586,C2
1.80947450191,1.8656963676,0.152777117242,2.15486634291,1.39696286757,-1.16348827468,2.12300561548,C2
1.34784540649,1.25933134187,1.16240296938,1.22954227111,1.42615498488,-0.386807607532,1.31535152008,C2
1.36507037273,1.32841090176,0.831517185909,1.45578287546,1.15281061368,-0.308806201476,1.31535152008,C2
1.28928052125,1.14419874204,1.51025725458,0.924117455239,1.59600003106,1.53389368178,0.956394144352,C2
1.21004567651,1.50494755482,-1.09440775893,2.34717085661,0.600814213588,0.821880847008,2.12096608494,C2
0.696741682338,0.837178475852,-0.262951174817,1.15488287168,0.542429978963,-0.00280068540592,1.13995189331,C2
1.53732003521,1.55867610141,0.445483771854,1.61188889247,1.46330858873,-0.148803317256,1.69266467071,C2
1.42363525797,1.5433250881,-0.097508283079,1.85622874517,0.77862074631,-1.03748600336,2.13116373766,C2
1.14459080477,1.3053843818,-0.309614554537,1.45352046942,0.672467592446,-0.564810816227,1.76404823975,C2
1.33406543349,1.36678843503,0.424273144709,1.33587535516,1.12892615406,-1.00815214125,1.40509086402,C2
0.538271992863,0.530158209658,0.661832168742,0.202409927359,0.706967367452,0.344538909087,0.428155733473,C2
1.08258092628,0.998364115603,1.19633997282,0.591543766843,1.15546444253,-1.08815358336,0.874812922594,C2
1.58899493395,1.48959654151,1.16664509481,1.09606031455,1.68092255415,0.405206669354,1.22561217615,C2
1.49253512296,1.58937812802,0.029755479796,1.67523626168,1.12096466752,-0.228804759366,1.67430889582,C2
1.41330027823,1.42819248827,0.504873527863,1.40148513042,1.31734800217,-0.221471293839,1.50910692176,C2
1.37196035923,1.32841090176,0.878180565629,0.924117455239,1.39961669641,-0.764814421501,0.96047320544,C2
1.37885034573,1.2363048219,1.46783600028,1.18429415024,1.45269327334,-0.571477603069,1.61516251004,C2
0.958561169297,0.998364115603,0.381851890417,0.915067831065,0.834351152088,0.0311999274907,1.06244973264,C2
1.75435460992,1.81196782101,0.178229869817,2.367532511,1.33857863294,-0.298806021212,2.32899820042,C2
1.27550054825,1.27468235518,0.657590043313,1.18655655629,1.10238786559,-1.30815754916,0.991066163599,C2
1.24105061575,1.19792728863,0.895149067346,1.08248587829,1.35450160602,-0.976818243091,0.787113109205,C2
1.56143498795,1.65845768792,0.0255133543669,1.52591746281,1.41288584064,-0.0148009017224,1.13587283222,C2
1.47531015672,1.34376191507,1.37875136627,1.25442873759,1.70746084262,-1.06081975731,1.05225207992,C2
1.47875514997,1.57402711471,0.0509661069419,1.4263715969,1.26957908293,1.98790186576,1.31535152008,C2
2.10918891462,2.06525954062,0.632137290738,2.11414303413,1.94365160996,0.651211103841,1.85174805314,C2
1.45119520397,1.45121900824,0.610926663592,1.78156934573,1.22181016369,-0.968151420196,1.53969987992,C2
1.41674527148,1.25933134187,1.5569206343,0.955791139848,1.69419169838,0.422540315144,0.697373765272,C2
1.48220014321,1.45121900824,0.763643179042,1.39469791229,1.47657773296,-0.410808040165,1.58456955188,C2
1.39263031873,1.28235786183,1.26421397968,1.35397460351,1.35450160602,-0.040801370408,1.13791236276,C2
1.78535954917,1.7966168077,0.428515270138,1.95577461108,1.58803854452,-0.424808292535,1.85990617531,C2
1.85770440741,1.80429231436,0.793338057046,1.55306633534,1.86669057341,1.46722581336,1.59068814352,C2
1.13425582502,1.19792728863,0.2630723784,0.973890388197,0.807812863622,-0.054134944093,1.22969123724,C2
0.455592154876,0.629939796171,-0.517478700567,0.301955793274,0.340738986622,0.3905397383,0.601515829707,C2
1.23416062925,1.08279468881,1.5569206343,0.795160310759,1.35980926371,-0.47747590859,1.01350099958,C2
0.393582276386,0.253839970085,1.50177300372,-0.600744218087,0.858235611707,-0.242805011735,-0.538581744352,C2
1.34440041324,1.24398032856,1.22603485082,1.09153550246,1.61988449068,0.325205227244,1.1909401569,C2
1.30995048074,1.42051698162,-0.0508449033582,1.48519415403,0.890081557866,0.460541000146,1.41528851674,C2
1.07913593303,0.990688608948,1.20058209825,0.792897904716,1.1368876406,-0.962151312038,1.0420544272,C2
1.83014446141,1.89639839422,0.106113737521,2.00102273195,1.36511692141,-1.19348881547,1.58456955188,C2
0.931001223301,0.844853982506,1.19209784739,0.367565568536,1.14484912714,1.11055271729,0.515855546862,C2
1.18937571701,1.02139063557,1.6884265226,0.792897904716,1.31734800217,-0.575477675175,1.12975424059,C2
1.40985528498,1.35143742172,0.984233701359,1.16619490189,1.50311602143,-0.528143488593,1.10324034352,C2
0.183437688169,0.261515476739,-0.0169078999248,0.577969330582,0.0249333538777,0.507875186728,0.789152639749,C2
0.452147161627,0.591562262897,-0.279919676533,0.489735494885,0.361969617395,0.377206164615,0.789152639749,C2
0.245447566659,0.253839970085,0.479420775288,0.333629477883,0.3964693924,0.847881315694,0.895208228034,C2
0.183437688169,0.0773033170236,1.18785572196,-0.342829929127,0.547737636656,-0.0668018390937,0.0630797661088,C2
0.865546351562,0.921609049055,0.318220008979,1.16845730794,0.837004980935,-0.116136061728,1.14811001548,C2
0.248892559909,0.45340314311,-0.776248351746,0.659415948149,-0.0732583134461,-0.706813375971,0.96047320544,C2
0.259227539657,0.422701116491,-0.551415704,0.46032421632,0.0727022731164,-0.65014568781,0.70145282636,C2
0.476262114373,0.476429663075,0.593958161875,0.55082045806,0.566314438582,0.0458668585441,1.04817301883,C2
-0.612355752456,-0.490684175434,-0.975628246917,-0.354141959344,-0.702215750088,1.06921863886,-0.0266595778243,C3
-0.52623092122,-0.475333162124,-0.411425564837,-0.198035942342,-0.492563271207,2.2232394413,0.0651192966527,C3
-0.519340934721,-0.467657655469,-0.381730686833,-0.541921660956,-0.489909442361,1.52989360968,-0.20613826569,C3
-0.90518017866,-0.951214574723,-0.2459826731,-0.915218658135,-0.773869128946,1.17922062176,-0.381537892469,C3
-1.04297990864,-0.889810521485,-1.84950608532,-0.711602114219,-1.2780966098,0.513875294886,-0.469237705858,C3
-1.25312449686,-1.09704920116,-2.30341350625,-0.790786325742,-1.51694120599,1.64589570074,-0.271403243096,C3
-1.17733464537,-1.09704920116,-1.59073643415,-1.02381414822,-1.4320186829,-0.986151744671,-0.563056110879,C3
-0.812165360925,-0.843757481556,-0.220529920525,-0.817935198264,-0.773869128946,0.480541360673,-0.82819508159,C3
-0.739820502686,-0.651869815185,-0.928964867196,-0.548708879086,-0.922483544355,-0.293472591738,-0.187782490795,C3
-1.39781421333,-1.25055933426,-2.557941032,-0.704814896088,-1.62044053101,1.17455387098,-0.436605217155,C3
-1.03953491539,-1.02029413462,-0.90775424005,-0.826984822438,-1.11090539246,0.996550662281,-0.20613826569,C3
-0.977525036899,-0.797704441627,-1.95555922105,-0.505723164259,-1.28075043864,2.19457225787,-0.281600895816,C3
-0.891400205662,-0.736300388388,-1.599220685,-0.498935946129,-1.12948219439,0.703878719896,-0.098043146862,C3
-1.2634594766,-1.16612876106,-1.88344308876,-0.924268282309,-1.50101823291,-0.245471726472,-0.830234612134,C3
-1.20144959811,-1.1584532544,-1.39135653897,-1.02607655427,-1.33648084442,0.231870211449,-0.295877609624,C3
-1.26001448335,-1.1584532544,-1.93859071934,-0.856396101004,-1.54878715215,1.40855808915,-0.385616953557,C3
-1.20833958461,-1.29661237419,-0.483541697133,-1.30209009158,-1.08702093284,-0.235471546208,-0.826155551046,C3
-0.936185117905,-0.636518801875,-2.66823629315,-0.530609630738,-1.36301913289,0.749879549109,-0.383577423013,C3
-1.06709486138,-0.797704441627,-2.66399416773,-0.417489328563,-1.54082566561,0.451874177251,-0.200019674059,C3
-1.15666468587,-1.02796964127,-1.89616946505,-0.734226174654,-1.49571057522,1.12521964834,-0.200019674059,C3
-0.794940394677,-0.682571841804,-1.20894514552,-0.401652486258,-1.00740606745,-0.412141397534,0.169135354393,C3
-0.974080043649,-0.943539068068,-0.878059362046,-0.630155496653,-1.19052025786,0.380539558036,-0.204098735147,C3
-0.963745063901,-0.88213501483,-1.24712427438,-0.817935198264,-1.09232859054,0.858548174642,-0.738455737657,C3
-0.791495401428,-0.759326908353,-0.644742463442,-0.668616399392,-0.7712153001,0.479208003305,-0.473316766946,C3
-1.2772394496,-1.35801642743,-0.644742463442,-1.3971111454,-1.23298151941,1.79189833259,-0.732337146025,C3
-0.946520097654,-1.08169818786,0.352157012413,-1.18444497731,-0.842868678957,-0.999485318356,-0.718060432218,C3
-0.829390327172,-0.743975895043,-1.05198650464,-0.700290084001,-0.959637148207,0.81588073885,-0.281600895816,C3
-0.929295131406,-0.85143298821,-1.1325868878,-0.478574291737,-1.118866879,-0.0414680490923,-0.142912818829,C3
-1.20489459136,-1.10472470782,-1.77738995303,-1.02381414822,-1.56736395408,0.424540351197,-0.563056110879,C3
-1.24278951711,-1.19683078768,-1.48892542385,-1.21838106797,-1.44263399829,-0.119469455149,-0.652795454812,C3
-1.3185793686,-1.19683078768,-2.2100867468,-0.68671564774,-1.47978760214,2.02323583602,-0.499830664017,C3
-1.13599472637,-1.12007572113,-1.08168138265,-1.04417580261,-1.09763624823,2.00990226234,-0.922013486611,C3
-1.23245453736,-1.21985730764,-1.2343978981,-1.22290588005,-1.31525021365,0.405873348038,-0.832274142678,C3
-1.18766962512,-1.13542673444,-1.42105141698,-1.11431038996,-1.31525021365,1.25855538519,-0.650755924268,C3
-1.38403424033,-1.2275328143,-2.59187803543,-0.793048731785,-1.63901733293,0.987883839386,-0.45496099205,C3
-1.39436922008,-1.52687757384,-0.508994449708,-1.46498332671,-1.16132814055,0.715212257529,-0.70378371841,C3
-1.23589953061,-1.18915528102,-1.50589392556,-1.00119008779,-1.45590314252,1.08988567808,-0.644637332636,C3
-1.41503917958,-1.40406946736,-1.61618918672,-1.09394873557,-1.63636350409,0.667878070947,-0.907736772804,C3
-1.16010967912,-1.1584532544,-1.00532312492,-1.01476452405,-1.32851935788,1.45055884625,-0.82819508159,C3
-0.90862517191,-0.836081974901,-1.0901656335,-0.614318654348,-0.970252463594,-1.35949180785,-0.469237705858,C3
-1.18422463187,-1.23520832095,-0.636258212583,-1.21838106797,-1.28340426749,0.83788113543,-1.18919198787,C3
-0.822500340673,-0.88213501483,-0.0169078999248,-0.888069785613,-0.641177686617,0.857881495958,-0.53246315272,C3
-0.915515158409,-0.920512548104,-0.555657829429,-0.879020161439,-0.927791202048,0.771213267005,-0.510028316737,C3
-1.10154479388,-1.14310224109,-0.572626331146,-1.17765775918,-1.084367104,1.00588416386,-0.556937519247,C3
-0.674365630946,-0.605816775256,-0.716858595737,-0.302106620343,-0.617293226997,1.65656255969,-0.187782490795,C3
-1.13254973312,-0.958890081378,-2.17190761794,-0.600744218087,-1.52755652138,0.241203713029,-0.461079583682,C3
-1.04642490189,-0.85143298821,-2.17190761794,-0.487623915911,-1.43998016944,0.79854709306,-0.114359391213,C3
-1.35647429434,-1.35034092077,-1.43377779327,-1.22290588005,-1.54878715215,0.319205119086,-0.922013486611,C3
-1.24623451036,-1.33498990746,-0.492025947992,-1.22064347401,-1.16132814055,2.54924531789,-0.919973956067,C3
-1.46671407832,-1.64968568031,-0.262951174817,-1.65050062228,-1.25155832133,0.849881351747,-1.25241743473,C3
-1.34958430784,-1.35034092077,-1.35741953554,-1.31792693388,-1.43732634059,1.13188643518,-0.740495268201,C3
-1.23245453736,-1.30428788085,-0.623531836296,-1.21611866192,-1.20644323094,0.189869454342,-0.830234612134,C3
-1.02575494239,-1.18147977437,0.360641263271,-1.12336001414,-0.811022732798,-0.0688018751464,-0.563056110879,C3
-1.38747923358,-1.32731440081,-1.92586434305,-1.01476452405,-1.66820945025,0.768546552268,-0.650755924268,C3
-0.943075104404,-0.989592107997,-0.301130303679,-0.888069785613,-0.752638498173,0.287871220926,-0.807799776151,C3
-0.705370570192,-0.836081974901,0.636379416167,-1.06001264492,-0.351910342338,0.781880125953,-1.00767376946,C3
-0.708815563441,-0.790028934972,0.322462134409,-0.915218658135,-0.542986019293,1.18855412334,-0.917934425523,C3
-0.509005954972,-0.598141268601,0.589716036446,-0.698027677958,-0.346602684645,0.646544353051,-0.64667686318,C3
-0.767380448682,-0.682571841804,-0.971386121487,-0.494411134042,-0.922483544355,-0.262805372262,-0.361142587029,C3
-0.719150543189,-0.905161534794,1.0775604608,-1.2568419707,-0.274949305787,-0.581477783333,-1.17899433515,C3
-0.850060286669,-0.859108494865,-0.428394066554,-0.926530688352,-0.715484894321,1.18122065782,-0.740495268201,C3
-0.750155482435,-0.951214574723,1.13270809138,-1.45819610858,-0.328025882719,-0.933484128615,-1.35235443138,C3
-1.2634594766,-1.41174497401,-0.127203161083,-1.40163595749,-1.19052025786,0.233870247502,-1.18307339623,C3
-0.739820502686,-0.88213501483,0.695769172175,-1.00797730592,-0.444794351969,3.17058985161,-0.832274142678,C3
-0.853505279918,-0.836081974901,-0.606563334579,-0.960466779005,-0.792445930872,0.145868661181,-0.830234612134,C3
-0.915515158409,-1.04332065458,0.309735758121,-1.11204798392,-0.736715525094,-0.046134799882,-1.09741311339,C3
-1.24623451036,-1.28893686754,-0.844122358612,-1.10526076579,-1.23032769056,0.416540206986,-0.826155551046,C3
-0.567570840213,-0.690247348459,0.733948301038,-0.888069785613,-0.0706044845995,3.07658815713,-0.718060432218,C3
-1.03608992214,-1.03564514793,-0.801701104321,-1.02607655427,-1.12152070785,-0.0681351964622,-0.742534798745,C3
-0.877620232664,-0.935863561414,-0.110234659366,-0.872232943308,-0.75529232702,1.29122264072,-0.70378371841,C3
