0.642425666103,-1.06600358178,0.621336447694,0.355023473402,1.46059348668,-0.678644066447,-1.42857591528,-0.823754471048,-0.978945010373,1.07009128949,0.0,0.486664263392,0.0,0.0,0.0,0.0,0.0,0.0,0.0,-0.552770798393,1.52711805445,-0.782614808995,1.92353840617,0.898717034273,-0.345032779671,-0.51987524491,-0.51987524491,-1.16189500386,0.0,0.0,0.0,0.0,0.0,0.0,-0.787838597158,CD1
1.13740937605,-1.06600358178,0.621336447694,0.355023473402,-0.684653196881,1.19760717608,-0.250627353559,-0.823754471048,1.02150783691,1.07009128949,0.0,0.486664263392,0.0,0.0,0.0,0.0,0.0,0.0,0.0,1.80906806747,1.52711805445,-1.8972480218,1.92353840617,0.898717034273,-0.345032779671,-0.51987524491,-0.51987524491,-1.16189500386,0.0,0.0,0.0,0.0,0.0,0.0,-0.787838597158,CD1
0.147441956155,-1.06600358178,0.621336447694,0.355023473402,-0.684653196881,0.259481554818,-1.42857591528,1.21395395733,1.02150783691,-0.156598725292,0.0,0.486664263392,0.0,0.0,0.0,0.0,0.0,0.0,0.0,-0.552770798393,1.52711805445,-1.8972480218,1.92353840617,0.898717034273,-0.345032779671,-0.51987524491,-0.51987524491,-1.16189500386,0.0,0.0,0.0,0.0,0.0,0.0,-0.787838597158,CD1
1.632393086,-1.06600358178,0.621336447694,0.355023473402,-0.684653196881,-0.678644066447,-0.250627353559,-0.823754471048,-0.978945010373,-1.38328874008,0.0,0.486664263392,0.0,0.0,0.0,0.0,0.0,0.0,0.0,1.80906806747,1.52711805445,-0.782614808995,1.92353840617,0.898717034273,-0.345032779671,-0.51987524491,-0.51987524491,-1.16189500386,0.0,0.0,0.0,0.0,0.0,0.0,-0.787838597158,CD1
0.642425666103,-1.06600358178,0.621336447694,0.355023473402,-0.684653196881,1.19760717608,-1.42857591528,1.21395395733,-0.978945010373,1.07009128949,0.0,0.486664263392,0.0,0.0,0.0,0.0,0.0,0.0,0.0,-0.552770798393,1.52711805445,-0.782614808995,1.92353840617,0.898717034273,-0.345032779671,-0.51987524491,-0.51987524491,-1.16189500386,0.0,0.0,0.0,0.0,0.0,0.0,-0.787838597158,CD1
1.13740937605,-1.06600358178,0.621336447694,0.355023473402,-0.684653196881,0.259481554818,-1.42857591528,-0.823754471048,1.02150783691,-1.38328874008,0.0,0.486664263392,0.0,0.0,0.0,0.0,0.0,0.0,0.0,1.80906806747,1.52711805445,-0.782614808995,1.92353840617,0.898717034273,-0.345032779671,-0.51987524491,-0.51987524491,-1.16189500386,0.0,0.0,0.0,0.0,0.0,0.0,-0.787838597158,CD1
0.147441956155,-1.06600358178,0.621336447694,0.355023473402,-0.684653196881,0.259481554818,-0.250627353559,-0.823754471048,-0.978945010373,-0.156598725292,0.0,0.486664263392,0.0,0.0,0.0,0.0,0.0,0.0,0.0,1.80906806747,1.52711805445,-1.8972480218,1.92353840617,0.898717034273,-0.345032779671,-0.51987524491,-0.51987524491,-1.16189500386,0.0,0.0,0.0,0.0,0.0,0.0,-0.787838597158,CD1
0.147441956155,-1.06600358178,0.621336447694,0.355023473402,-0.684653196881,-0.678644066447,-1.42857591528,1.21395395733,1.02150783691,1.07009128949,0.0,0.486664263392,0.0,0.0,0.0,0.0,0.0,0.0,0.0,-0.552770798393,1.52711805445,-1.8972480218,1.92353840617,0.898717034273,-0.345032779671,-0.51987524491,-0.51987524491,-1.16189500386,0.0,0.0,0.0,0.0,0.0,0.0,-0.787838597158,CD1
1.632393086,-1.06600358178,0.621336447694,0.355023473402,-0.684653196881,1.19760717608,-1.42857591528,-0.823754471048,1.02150783691,-0.156598725292,0.0,0.486664263392,0.0,0.0,0.0,0.0,0.0,0.0,0.0,-0.552770798393,1.52711805445,-0.782614808995,1.92353840617,0.898717034273,-0.345032779671,-0.51987524491,-0.51987524491,-1.16189500386,0.0,0.0,0.0,0.0,0.0,0.0,-0.787838597158,CD1
1.632393086,-1.06600358178,0.621336447694,0.355023473402,-0.684653196881,-0.678644066447,-1.42857591528,-0.823754471048,-0.978945010373,1.07009128949,0.0,0.486664263392,0.0,0.0,0.0,0.0,0.0,0.0,0.0,-0.552770798393,1.52711805445,-0.782614808995,1.92353840617,0.898717034273,-0.345032779671,-0.51987524491,-0.51987524491,-1.16189500386,0.0,0.0,0.0,0.0,0.0,0.0,-0.787838597158,CD1
1.632393086,-1.06600358178,-1.81223130577,1.87194195067,1.46059348668,-1.61676968771,0.927321208167,-0.823754471048,-0.978945010373,-1.38328874008,0.0,0.486664263392,0.0,0.0,0.0,0.0,0.0,0.0,0.0,1.80906806747,-1.34386388792,1.44665161663,-0.51987524491,-1.11269728053,-0.345032779671,1.92353840617,1.92353840617,-1.16189500386,0.0,0.0,0.0,0.0,0.0,0.0,-0.787838597158,CD2
0.642425666103,-1.06600358178,-1.81223130577,0.355023473402,-0.684653196881,0.259481554818,2.10526976989,-0.823754471048,1.02150783691,-0.156598725292,0.0,0.486664263392,0.0,0.0,0.0,0.0,0.0,0.0,0.0,-0.552770798393,-1.34386388792,1.44665161663,-0.51987524491,-1.11269728053,-0.345032779671,1.92353840617,1.92353840617,-1.16189500386,0.0,0.0,0.0,0.0,0.0,0.0,-0.787838597158,CD2
1.13740937605,-1.06600358178,-1.81223130577,1.87194195067,-0.684653196881,1.19760717608,0.927321208167,-0.823754471048,-0.978945010373,1.07009128949,0.0,0.486664263392,0.0,0.0,0.0,0.0,0.0,0.0,0.0,-0.552770798393,-1.34386388792,1.44665161663,-0.51987524491,-1.11269728053,-0.345032779671,1.92353840617,1.92353840617,-1.16189500386,0.0,0.0,0.0,0.0,0.0,0.0,-0.787838597158,CD2
1.632393086,-1.06600358178,-1.81223130577,0.355023473402,1.46059348668,1.19760717608,2.10526976989,-0.823754471048,1.02150783691,-1.38328874008,0.0,0.486664263392,0.0,0.0,0.0,0.0,0.0,0.0,0.0,-0.552770798393,-1.34386388792,1.44665161663,-0.51987524491,-1.11269728053,-0.345032779671,1.92353840617,1.92353840617,-1.16189500386,0.0,0.0,0.0,0.0,0.0,0.0,-0.787838597158,CD2
0.147441956155,-1.06600358178,-1.81223130577,1.87194195067,1.46059348668,-1.61676968771,0.927321208167,-0.823754471048,-0.978945010373,-0.156598725292,0.0,0.486664263392,0.0,0.0,0.0,0.0,0.0,0.0,0.0,-0.552770798393,-1.34386388792,1.44665161663,-0.51987524491,-1.11269728053,-0.345032779671,1.92353840617,1.92353840617,-1.16189500386,0.0,0.0,0.0,0.0,0.0,0.0,-0.787838597158,CD2
0.642425666103,-1.06600358178,-1.81223130577,0.355023473402,1.46059348668,-0.678644066447,2.10526976989,-0.823754471048,1.02150783691,-0.156598725292,0.0,0.486664263392,0.0,0.0,0.0,0.0,0.0,0.0,0.0,1.80906806747,-1.34386388792,1.44665161663,-0.51987524491,-1.11269728053,-0.345032779671,1.92353840617,1.92353840617,-1.16189500386,0.0,0.0,0.0,0.0,0.0,0.0,-0.787838597158,CD2
0.147441956155,-1.06600358178,-1.81223130577,0.355023473402,-0.684653196881,-0.678644066447,0.927321208167,-0.823754471048,-0.978945010373,-1.38328874008,0.0,0.486664263392,0.0,0.0,0.0,0.0,0.0,0.0,0.0,-0.552770798393,-1.34386388792,1.44665161663,-0.51987524491,-1.11269728053,-0.345032779671,1.92353840617,1.92353840617,-1.16189500386,0.0,0.0,0.0,0.0,0.0,0.0,-0.787838597158,CD2
1.13740937605,-1.06600358178,-1.81223130577,1.87194195067,1.46059348668,0.259481554818,0.927321208167,-0.823754471048,-0.978945010373,1.07009128949,0.0,0.486664263392,0.0,0.0,0.0,0.0,0.0,0.0,0.0,1.80906806747,-1.34386388792,1.44665161663,-0.51987524491,-1.11269728053,-0.345032779671,1.92353840617,1.92353840617,-1.16189500386,0.0,0.0,0.0,0.0,0.0,0.0,-0.787838597158,CD2
1.632393086,-1.06600358178,-1.81223130577,1.87194195067,-0.684653196881,-0.678644066447,2.10526976989,-0.823754471048,1.02150783691,-1.38328874008,0.0,0.486664263392,0.0,0.0,0.0,0.0,0.0,0.0,0.0,-0.552770798393,-1.34386388792,1.44665161663,-0.51987524491,-1.11269728053,-0.345032779671,1.92353840617,1.92353840617,-1.16189500386,0.0,0.0,0.0,0.0,0.0,0.0,-0.787838597158,CD2
1.13740937605,-1.06600358178,-1.81223130577,1.87194195067,1.46059348668,1.19760717608,2.10526976989,-0.823754471048,1.02150783691,1.07009128949,0.0,0.486664263392,0.0,0.0,0.0,0.0,0.0,0.0,0.0,-0.552770798393,-1.34386388792,1.44665161663,-0.51987524491,-1.11269728053,-0.345032779671,1.92353840617,1.92353840617,-1.16189500386,0.0,0.0,0.0,0.0,0.0,0.0,-0.787838597158,CD2
-1.33750917369,0.938083151965,0.621336447694,-1.16189500386,-0.684653196881,-0.678644066447,-0.250627353559,-0.823754471048,1.02150783691,-0.156598725292,0.0,-2.05480466766,0.0,0.0,0.0,0.0,0.0,0.0,0.0,-0.552770798393,-0.386869907128,-0.782614808995,-0.51987524491,0.898717034273,2.89827534924,-0.51987524491,-0.51987524491,0.860662965824,0.0,0.0,0.0,0.0,0.0,0.0,-0.787838597158,CD3
-0.347541753794,0.938083151965,0.621336447694,-1.16189500386,-0.684653196881,1.19760717608,-0.250627353559,1.21395395733,-0.978945010373,-0.156598725292,0.0,-2.05480466766,0.0,0.0,0.0,0.0,0.0,0.0,0.0,-0.552770798393,-0.386869907128,-0.782614808995,-0.51987524491,0.898717034273,-0.345032779671,-0.51987524491,-0.51987524491,0.860662965824,0.0,0.0,0.0,0.0,0.0,0.0,-0.787838597158,CD3
-0.347541753794,0.938083151965,0.621336447694,-1.16189500386,-0.684653196881,0.259481554818,-0.250627353559,-0.823754471048,-0.978945010373,1.07009128949,0.0,-2.05480466766,0.0,0.0,0.0,0.0,0.0,0.0,0.0,-0.552770798393,-0.386869907128,-0.782614808995,-0.51987524491,0.898717034273,2.89827534924,-0.51987524491,-0.51987524491,0.860662965824,0.0,0.0,0.0,0.0,0.0,0.0,-0.787838597158,CD3
-1.33750917369,0.938083151965,0.621336447694,-1.16189500386,-0.684653196881,-1.61676968771,-0.250627353559,-0.823754471048,1.02150783691,1.07009128949,0.0,-2.05480466766,0.0,0.0,0.0,0.0,0.0,0.0,0.0,-0.552770798393,-0.386869907128,-0.782614808995,-0.51987524491,0.898717034273,-0.345032779671,-0.51987524491,-0.51987524491,0.860662965824,0.0,0.0,0.0,0.0,0.0,0.0,-0.787838597158,CD3
-1.33750917369,0.938083151965,0.621336447694,-1.16189500386,-0.684653196881,0.259481554818,-0.250627353559,-0.823754471048,1.02150783691,-0.156598725292,0.0,-2.05480466766,0.0,0.0,0.0,0.0,0.0,0.0,0.0,-0.552770798393,-0.386869907128,-0.782614808995,-0.51987524491,0.898717034273,-0.345032779671,-0.51987524491,-0.51987524491,0.860662965824,0.0,0.0,0.0,0.0,0.0,0.0,-0.787838597158,CD3
0.642425666103,-1.06600358178,0.621336447694,-1.16189500386,1.46059348668,-1.61676968771,-0.250627353559,1.21395395733,-0.978945010373,1.07009128949,0.0,0.486664263392,0.0,0.0,0.0,0.0,0.0,0.0,0.0,1.80906806747,-0.386869907128,-0.782614808995,-0.51987524491,0.898717034273,2.89827534924,-0.51987524491,-0.51987524491,0.860662965824,0.0,0.0,0.0,0.0,0.0,0.0,-0.787838597158,CD3
-0.347541753794,0.938083151965,0.621336447694,-1.16189500386,-0.684653196881,1.19760717608,-0.250627353559,1.21395395733,-0.978945010373,1.07009128949,0.0,-2.05480466766,0.0,0.0,0.0,0.0,0.0,0.0,0.0,-0.552770798393,-0.386869907128,-0.782614808995,-0.51987524491,0.898717034273,2.89827534924,-0.51987524491,-0.51987524491,0.860662965824,0.0,0.0,0.0,0.0,0.0,0.0,-0.787838597158,CD3
-1.33750917369,0.938083151965,0.621336447694,-1.16189500386,-0.684653196881,-1.61676968771,-0.250627353559,-0.823754471048,-0.978945010373,-0.156598725292,0.0,-2.05480466766,0.0,0.0,0.0,0.0,0.0,0.0,0.0,-0.552770798393,-0.386869907128,-0.782614808995,-0.51987524491,0.898717034273,-0.345032779671,-0.51987524491,-0.51987524491,0.860662965824,0.0,0.0,0.0,0.0,0.0,0.0,1.26929551764,CD3
0.147441956155,-1.06600358178,0.621336447694,-1.16189500386,1.46059348668,1.19760717608,-0.250627353559,1.21395395733,-0.978945010373,-0.156598725292,0.0,-2.05480466766,0.0,0.0,0.0,0.0,0.0,0.0,0.0,1.80906806747,-0.386869907128,-0.782614808995,-0.51987524491,0.898717034273,2.89827534924,-0.51987524491,-0.51987524491,0.860662965824,0.0,0.0,0.0,0.0,0.0,0.0,-0.787838597158,CD3
-1.33750917369,0.938083151965,0.621336447694,-1.16189500386,-0.684653196881,-0.678644066447,-0.250627353559,1.21395395733,1.02150783691,1.07009128949,0.0,-2.05480466766,0.0,0.0,0.0,0.0,0.0,0.0,0.0,-0.552770798393,-0.386869907128,-0.782614808995,-0.51987524491,0.898717034273,-0.345032779671,-0.51987524491,-0.51987524491,0.860662965824,0.0,0.0,0.0,0.0,0.0,0.0,-0.787838597158,CD3
-0.347541753794,0.938083151965,0.621336447694,0.355023473402,1.46059348668,1.19760717608,-0.250627353559,1.21395395733,1.02150783691,1.07009128949,0.0,0.486664263392,0.0,0.0,0.0,0.0,0.0,0.0,0.0,-0.552770798393,0.570124073663,0.332018403816,-0.51987524491,0.898717034273,-0.345032779671,-0.51987524491,-0.51987524491,0.860662965824,0.0,0.0,0.0,0.0,0.0,0.0,1.26929551764,CD4
-1.33750917369,0.938083151965,-0.59544742904,0.355023473402,-0.684653196881,-0.678644066447,-0.250627353559,-0.823754471048,-0.978945010373,-1.38328874008,0.0,0.486664263392,0.0,0.0,0.0,0.0,0.0,0.0,0.0,-0.552770798393,-0.386869907128,0.332018403816,-0.51987524491,-1.11269728053,-0.345032779671,-0.51987524491,-0.51987524491,0.860662965824,0.0,0.0,0.0,0.0,0.0,0.0,1.26929551764,CD4
0.147441956155,0.938083151965,0.621336447694,-1.16189500386,-0.684653196881,-0.678644066447,-0.250627353559,1.21395395733,1.02150783691,-1.38328874008,0.0,0.486664263392,0.0,0.0,0.0,0.0,0.0,0.0,0.0,-0.552770798393,0.570124073663,0.332018403816,-0.51987524491,-1.11269728053,-0.345032779671,-0.51987524491,-0.51987524491,0.860662965824,0.0,0.0,0.0,0.0,0.0,0.0,1.26929551764,CD4
-0.347541753794,0.938083151965,0.621336447694,0.355023473402,1.46059348668,-0.678644066447,-0.250627353559,1.21395395733,-0.978945010373,1.07009128949,0.0,0.486664263392,0.0,0.0,0.0,0.0,0.0,0.0,0.0,-0.552770798393,-0.386869907128,0.332018403816,-0.51987524491,0.898717034273,-0.345032779671,-0.51987524491,-0.51987524491,0.860662965824,0.0,0.0,0.0,0.0,0.0,0.0,1.26929551764,CD4
-0.842525463742,0.938083151965,0.621336447694,-1.16189500386,-0.684653196881,1.19760717608,-0.250627353559,-0.823754471048,1.02150783691,1.07009128949,0.0,0.486664263392,0.0,0.0,0.0,0.0,0.0,0.0,0.0,-0.552770798393,0.570124073663,0.332018403816,-0.51987524491,-1.11269728053,-0.345032779671,-0.51987524491,-0.51987524491,0.860662965824,0.0,0.0,0.0,0.0,0.0,0.0,1.26929551764,CD4
-0.842525463742,0.938083151965,0.621336447694,0.355023473402,-0.684653196881,-1.61676968771,-0.250627353559,1.21395395733,1.02150783691,-0.156598725292,0.0,0.486664263392,0.0,0.0,0.0,0.0,0.0,0.0,0.0,-0.552770798393,0.570124073663,0.332018403816,-0.51987524491,-1.11269728053,-0.345032779671,-0.51987524491,-0.51987524491,0.860662965824,0.0,0.0,0.0,0.0,0.0,0.0,1.26929551764,CD4
-1.33750917369,0.938083151965,0.621336447694,0.355023473402,-0.684653196881,1.19760717608,-0.250627353559,-0.823754471048,-0.978945010373,-1.38328874008,0.0,0.486664263392,0.0,0.0,0.0,0.0,0.0,0.0,0.0,-0.552770798393,-0.386869907128,0.332018403816,-0.51987524491,-1.11269728053,-0.345032779671,-0.51987524491,-0.51987524491,0.860662965824,0.0,0.0,0.0,0.0,0.0,0.0,1.26929551764,CD4
-0.347541753794,0.938083151965,0.621336447694,-1.16189500386,-0.684653196881,-0.678644066447,-0.250627353559,1.21395395733,-0.978945010373,-1.38328874008,0.0,0.486664263392,0.0,0.0,0.0,0.0,0.0,0.0,0.0,-0.552770798393,-0.386869907128,0.332018403816,-0.51987524491,-1.11269728053,-0.345032779671,-0.51987524491,-0.51987524491,0.860662965824,0.0,0.0,0.0,0.0,0.0,0.0,1.26929551764,CD4
0.147441956155,0.938083151965,0.621336447694,-1.16189500386,-0.684653196881,0.259481554818,-0.250627353559,1.21395395733,1.02150783691,-0.156598725292,0.0,0.486664263392,0.0,0.0,0.0,0.0,0.0,0.0,0.0,-0.552770798393,0.570124073663,0.332018403816,-0.51987524491,-1.11269728053,-0.345032779671,-0.51987524491,-0.51987524491,0.860662965824,0.0,0.0,0.0,0.0,0.0,0.0,1.26929551764,CD4
0.147441956155,0.938083151965,-0.59544742904,-1.16189500386,-0.684653196881,0.259481554818,-0.250627353559,1.21395395733,1.02150783691,1.07009128949,0.0,0.486664263392,0.0,0.0,0.0,0.0,0.0,0.0,0.0,-0.552770798393,0.570124073663,0.332018403816,-0.51987524491,-1.11269728053,-0.345032779671,-0.51987524491,-0.51987524491,0.860662965824,0.0,0.0,0.0,0.0,0.0,0.0,1.26929551764,CD4
-1.33750917369,0.938083151965,0.621336447694,0.355023473402,1.46059348668,-0.678644066447,-0.250627353559,-0.823754471048,-0.978945010373,-1.38328874008,0.0,0.486664263392,0.0,0.0,0.0,0.0,0.0,0.0,0.0,-0.552770798393,-0.386869907128,0.332018403816,-0.51987524491,0.898717034273,-0.345032779671,-0.51987524491,-0.51987524491,0.860662965824,0.0,0.0,0.0,0.0,0.0,0.0,1.26929551764,CD4
-0.842525463742,0.938083151965,0.621336447694,0.355023473402,1.46059348668,1.19760717608,-0.250627353559,1.21395395733,-0.978945010373,-0.156598725292,0.0,0.486664263392,0.0,0.0,0.0,0.0,0.0,0.0,0.0,1.80906806747,-0.386869907128,0.332018403816,-0.51987524491,0.898717034273,-0.345032779671,-0.51987524491,-0.51987524491,0.860662965824,0.0,0.0,0.0,0.0,0.0,0.0,1.26929551764,CD4
-0.842525463742,0.938083151965,0.621336447694,-1.16189500386,-0.684653196881,-1.61676968771,-0.250627353559,1.21395395733,1.02150783691,-1.38328874008,0.0,0.486664263392,0.0,0.0,0.0,0.0,0.0,0.0,0.0,-0.552770798393,0.570124073663,0.332018403816,-0.51987524491,-1.11269728053,-0.345032779671,-0.51987524491,-0.51987524491,0.860662965824,0.0,0.0,0.0,0.0,0.0,0.0,1.26929551764,CD4
-0.842525463742,0.938083151965,0.621336447694,0.355023473402,1.46059348668,0.259481554818,2.10526976989,-0.823754471048,1.02150783691,-0.156598725292,0.0,0.486664263392,0.0,0.0,0.0,0.0,0.0,0.0,0.0,-0.552770798393,0.570124073663,0.332018403816,-0.51987524491,0.898717034273,-0.345032779671,-0.51987524491,-0.51987524491,0.860662965824,0.0,0.0,0.0,0.0,0.0,0.0,1.26929551764,CD4
-0.347541753794,0.938083151965,-0.59544742904,-1.16189500386,-0.684653196881,1.19760717608,-0.250627353559,1.21395395733,-0.978945010373,1.07009128949,0.0,0.486664263392,0.0,0.0,0.0,0.0,0.0,0.0,0.0,-0.552770798393,-0.386869907128,0.332018403816,-0.51987524491,-1.11269728053,-0.345032779671,-0.51987524491,-0.51987524491,0.860662965824,0.0,0.0,0.0,0.0,0.0,0.0,1.26929551764,CD4
-1.33750917369,0.938083151965,-0.59544742904,0.355023473402,1.46059348668,0.259481554818,-0.250627353559,1.21395395733,1.02150783691,-1.38328874008,0.0,0.486664263392,0.0,0.0,0.0,0.0,0.0,0.0,0.0,1.80906806747,0.570124073663,0.332018403816,-0.51987524491,0.898717034273,-0.345032779671,-0.51987524491,-0.51987524491,0.860662965824,0.0,0.0,0.0,0.0,0.0,0.0,1.26929551764,CD4
-1.33750917369,0.938083151965,0.621336447694,0.355023473402,-0.684653196881,1.19760717608,-0.250627353559,-0.823754471048,-0.978945010373,1.07009128949,0.0,0.486664263392,0.0,0.0,0.0,0.0,0.0,0.0,0.0,-0.552770798393,-0.386869907128,0.332018403816,-0.51987524491,-1.11269728053,-0.345032779671,-0.51987524491,-0.51987524491,0.860662965824,0.0,0.0,0.0,0.0,0.0,0.0,1.26929551764,CD4
