1.51861254099,-0.562249798329,0.232052540995,-1.16959317502,1.91390521757,0.808997394632,1.03481895813,-0.659563114305,1.22488398406,0.251716849819,0.362177275779,1.84791956651,1.01300892675,C1
0.246289627015,-0.499413378137,-0.827996323266,-2.4908471411,0.0181450206118,0.568647662389,0.733628941429,-0.820719235577,-0.544720987447,-0.293321328713,0.406050662936,1.11344930253,0.965241520669,C1
0.196879028414,0.0212312463088,1.10933435969,-0.268738198155,0.0883583612399,0.808997394632,1.21553296815,-0.498406993034,2.13596773177,0.269019649137,0.318303888622,0.788587454996,1.39514817538,C1
1.69154963609,-0.346810643386,0.487926404782,-0.809251184276,0.930918448777,2.49144552033,1.46652464874,-0.981875356848,1.03215472974,1.18606801302,-0.427543693049,1.18407144329,2.33457382827,C1
0.295700225616,0.227693769796,1.84040254194,0.451945783339,1.28198515192,0.808997394632,0.663351270866,0.226795552688,0.401404442864,-0.319275527691,0.362177275779,0.449601179312,-0.0378740069923,C1
1.48155459204,-0.517366641049,0.30515935922,-1.28970717194,0.860705108149,1.56209322233,1.3661279765,-0.176094750491,0.664217062395,0.731869530906,0.406050662936,0.336605754085,2.23903901611,C1
1.71625493539,-0.418623695033,0.30515935922,-1.46987816731,-0.262708341901,0.328297930146,0.492676928068,-0.498406993034,0.681737903697,0.0830145564637,0.274430501464,1.36768900929,1.72952001793,C1
1.30861749694,-0.167278014266,0.890013905019,-0.569023190445,1.4926251738,0.488531084975,0.482637260845,-0.417828932398,-0.597283511353,-0.00349944012862,0.449924050093,1.36768900929,1.74544248663,C1
2.25977152,-0.62508621852,-0.718336095929,-1.65004916269,-0.192495001273,0.808997394632,0.954501620344,-0.578985053669,0.681737903697,0.0613860573157,0.537670824407,0.336605754085,0.949319051976,C1
1.06156450393,-0.885408530743,-0.352802004804,-1.04947917811,-0.122281660644,1.09741707332,1.12517596314,-1.14303147812,0.45396696677,0.935177422899,0.230557114307,1.32531572483,0.949319051976,C1
1.35802809554,-0.15830138281,-0.243141777467,-0.448909193529,0.369211723752,1.04934712688,1.29585030594,-1.14303147812,1.38257155578,0.299299547945,1.28351840608,0.788587454996,2.43010864043,C1
1.38273339484,-0.768712321816,-0.170034959242,-0.809251184276,-0.332921682529,-0.15240153434,0.402319923058,-0.820719235577,-0.0366165896874,-0.0251279392767,0.93253130882,0.294232469624,1.69767508055,C1
0.925685357778,-0.544296535417,0.15894572277,-1.04947917811,-0.754201726297,0.488531084975,0.733628941429,-0.578985053669,0.383883601562,0.2344140505,0.844784534506,0.407227894852,1.82505483009,C1
2.1609503228,-0.544296535417,0.085838904545,-2.43079014264,-0.613775045041,1.28969685912,1.6673179932,0.549107795231,2.13596773177,0.147900053908,1.28351840608,0.167112616243,1.28369089453,C1
1.70390228574,-0.418623695033,0.0492854954325,-2.25061914726,0.158571701868,1.61016316878,1.61711965709,-0.578985053669,2.3987803513,1.05629701813,1.06415147029,0.548472176387,2.54793490876,C1
0.777453561975,-0.472483483769,1.21899458703,-0.68913718736,0.860705108149,0.889113972046,0.88422394978,-0.498406993034,-0.22934584401,0.969783021535,1.41513856755,0.378979038545,1.79320989271,C1
1.60508108854,-0.373740537753,1.29210140526,0.151660791049,1.42241183317,0.808997394632,1.11513629592,-0.256672811126,0.664217062395,0.493956040277,0.49379743725,0.054117191015,1.69767508055,C1
1.02450655498,-0.687922638712,0.926567314131,0.151660791049,1.07134513003,1.04934712688,1.37616764373,0.307373613324,0.226196029843,0.666984033462,0.757037760192,-0.0588782342128,1.22000101976,C1
1.46920194239,-0.6699693758,0.414819586557,-0.899336681963,0.579851745637,1.61016316878,1.90827000656,-0.337250871762,0.471487808072,1.57538099768,1.19577163176,0.294232469624,2.97147257599,C1
0.789806211625,0.68550197405,0.707246859457,-1.28970717194,1.14155847066,0.648764239803,1.00469995646,-1.5459217813,0.121070982031,0.0181290590195,0.0111901785221,1.05695158991,0.312420304254,C1
1.30861749694,-0.634062849976,-0.316248595692,-1.04947917811,1.84369187694,1.12946370429,1.14525529759,-0.981875356848,0.891987999321,0.256042549648,0.581544211564,1.55130657528,0.105428211245,C1
-0.0872319135413,1.31386617597,1.03622754147,-0.268738198155,0.158571701868,0.1840880908,0.382240588611,-0.901297296212,0.681737903697,-0.241412930758,0.318303888622,1.28294244037,0.0735832738589,C1
0.876274759177,-0.427600326489,-0.0238213227924,-0.869308182734,0.0883583612399,0.504554400458,0.85410494811,-0.740141174941,0.173633505937,-0.544211918831,0.669290985878,1.96091499173,0.91747411459,C1
-0.186053110743,-0.660992744344,0.561033223007,-0.508966191987,-0.332921682529,0.29625129918,0.342081919718,-0.820719235577,-0.22934584401,-0.487977821046,0.581544211564,1.43831115006,0.853784239817,C1
0.616869116522,-0.472483483769,0.890013905019,0.151660791049,-0.262708341901,0.376367876595,0.583033933079,-0.659563114305,0.121070982031,-0.66533151406,0.713164373035,1.70667528497,0.312420304254,C1
0.0609998822615,-0.257044328826,3.11977186088,1.6530857525,1.70326519569,0.536601031423,0.653311603642,0.871420037774,0.576612855884,-0.639377315083,0.757037760192,0.830960739456,0.264652898175,C1
0.48098997037,-0.508390009593,0.926567314131,-1.01945067888,-0.473348363785,0.889113972046,0.91434295145,-0.176094750491,-0.246866685312,-0.111641935869,-0.164303370106,0.859209595763,1.42699311277,C1
0.369816123517,-0.553273166873,-0.827996323266,-0.749194185818,-0.403135023157,0.168064775317,0.161367909697,-0.740141174941,-0.422075098333,-0.479326421387,0.274430501464,0.223610328857,1.71359754924,C1
1.07391715358,-0.391693800665,1.58452867816,-0.0285102043241,0.509638405009,1.04934712688,0.94446195312,0.0656394314168,0.296279395052,-0.241412930758,1.28351840608,1.11344930253,0.535334865957,C1
1.25920689833,-0.589179692697,-0.572122459479,-1.04947917811,-0.262708341901,0.568647662389,0.301923250824,-0.820719235577,0.681737903697,-0.154898934165,0.362177275779,1.38181343744,0.91747411459,C1
0.900980058477,-0.750759058904,1.21899458703,0.902373271772,0.0883583612399,1.12946370429,1.22557263537,-0.578985053669,1.38257155578,0.277671048797,1.02027808313,0.138863759936,1.71359754924,C1
0.715690313724,-0.607132955608,-0.0238213227924,-0.118595702011,0.43942506438,0.905137287529,1.16533463203,-1.14303147812,0.629175379791,0.796755028351,0.581544211564,0.378979038545,2.44603110912,C1
0.839216810226,-0.454530220857,-0.0238213227924,-0.68913718736,0.298998383124,0.200111406283,0.663351270866,0.468529734596,0.664217062395,-0.526909119512,1.19577163176,0.364854610392,0.774171896352,C1
0.938038007428,-0.723829164536,1.21899458703,0.00151829490483,2.26497192071,1.04934712688,0.713549606983,1.11315421968,-0.422075098333,0.147900053908,1.28351840608,0.548472176387,1.55437286231,C1
0.629221766172,-0.481460115225,1.03622754147,-0.14862420124,0.720278426893,0.0879481979031,0.502716595292,-0.578985053669,-0.0891791135936,-0.371183925646,0.625417598721,0.364854610392,1.10854373891,C1
0.592163817222,-0.472483483769,0.15894572277,0.301803287194,0.0181450206118,0.648764239803,0.954501620344,-0.820719235577,0.471487808072,0.0181290590195,0.362177275779,1.2123202996,0.55125733465,C1
0.345110824217,-0.62508621852,1.73074231461,-1.19962167425,0.720278426893,0.488531084975,0.653311603642,-0.176094750491,-0.404554257031,-0.198155932461,0.581544211564,0.23773475701,0.423877585106,C1
0.0609998822615,-0.616109587064,0.670693450344,-0.448909193529,-0.122281660644,0.248181352732,0.402319923058,-0.578985053669,-0.264387526614,-0.349555426498,0.713164373035,-0.143624803134,1.14038867629,C1
0.085705181562,-0.750759058904,-0.974209959716,-1.19962167425,-0.122281660644,0.168064775317,0.613152934749,-0.659563114305,-0.387033415729,-0.587468917127,0.976404695978,0.110614903629,0.86970670851,C1
1.50625989134,1.48442217363,0.524479813894,-1.89027715652,1.9841185582,1.12946370429,1.01473962368,-1.30418759939,0.856946316717,0.0181290590195,-0.295923531577,1.29706686852,0.0417383364729,C1
0.690985014423,-0.562249798329,-0.206588368355,-0.989422179649,1.21177181129,1.36981343653,1.26573130427,-0.176094750491,1.31248819057,0.46367614147,-0.032683208635,1.08520044622,0.153195617324,C1
0.50569526967,1.34977270179,-0.901103141491,-0.208681199698,-0.683988385669,0.248181352732,0.653311603642,-0.740141174941,-0.194304161406,-0.336578327009,-0.208176757263,0.548472176387,0.91747411459,C1
1.08626980323,-0.400670432121,0.816907086794,-1.3497641704,0.0883583612399,1.53004659136,1.5368023193,-1.5459217813,0.191154347239,0.160877153397,-0.339796918734,1.33944015298,1.10854373891,C1
0.295700225616,1.47544554217,-0.27969518658,-0.599051689673,0.228785042496,0.552624346906,0.603113267526,-0.337250871762,0.121070982031,-0.301972728372,-0.603037241677,0.548472176387,-0.213021162616,C1
0.0609998822615,-0.508390009593,-0.974209959716,-0.749194185818,0.509638405009,1.12946370429,0.97458095479,-0.659563114305,0.769342110207,-0.00782513995824,-0.339796918734,1.04282716176,0.439800053799,C1
1.49390724169,1.52930533091,0.268605950107,-0.178652700469,0.790491767521,0.889113972046,0.623192601972,-0.498406993034,-0.597283511353,0.0786888566341,-0.383670305892,1.01457830545,1.06077633283,C1
1.70390228574,1.12535691539,-0.316248595692,-1.04947917811,0.158571701868,1.53004659136,1.14525529759,-0.740141174941,1.04967557104,-0.0683849375729,0.362177275779,1.16994701514,1.01300892675,C1
1.11097510253,-0.589179692697,-0.901103141491,-1.04947917811,0.0883583612399,1.28969685912,1.3661279765,-1.22360953876,0.96207136453,0.450699041981,-0.208176757263,1.01457830545,0.758249427659,C1
1.35802809554,-0.283974223194,0.122392313657,-0.208681199698,0.228785042496,0.728880817218,0.894263617003,-0.337250871762,1.38257155578,0.493956040277,0.49379743725,0.19536147255,0.997086458055,C1
1.16038570113,-0.544296535417,-0.352802004804,-0.629080188902,0.579851745637,0.937183918495,1.51672298485,-0.337250871762,0.856946316717,1.66189499427,0.713164373035,0.689716457921,1.63398520578,C1
0.0609998822615,-0.544296535417,-1.19353041439,-2.13050515035,-0.543561704413,0.680810870769,1.24565196982,-1.5459217813,2.31117614479,0.926526023239,0.713164373035,0.421352323005,1.28369089453,C1
1.02450655498,-0.616109587064,0.853460495906,-0.68913718736,-0.403135023157,0.248181352732,0.964541287567,-1.14303147812,1.22488398406,0.2344140505,1.23964501892,1.07107601807,1.64990767447,C1
1.01215390533,-0.526343272505,0.195499131882,-1.65004916269,0.790491767521,2.53951546678,1.71751632932,-0.337250871762,0.489008649374,0.861640525795,0.230557114307,0.915707308377,1.41107064407,C1
0.950390657078,-0.391693800665,1.14588776881,-0.719165686589,1.07134513003,1.12946370429,0.7637479431,0.226795552688,0.156112664635,0.537213038574,0.757037760192,0.449601179312,2.00020198572,C1
0.913332708128,-0.598156324152,-0.425908823029,-0.929365181192,1.28198515192,0.488531084975,0.874184282557,-1.22360953876,0.0509876168228,0.342556546241,-0.164303370106,0.830960739456,0.997086458055,C1
0.690985014423,-0.544296535417,0.341712768332,0.301803287194,1.14155847066,1.06537044236,0.753708275876,-1.30418759939,1.50521744489,0.515584539426,0.0989369528362,0.590845460847,1.18815608237,C1
1.50625989134,-0.571226429785,-0.243141777467,-0.95939368042,1.28198515192,1.44993001395,0.97458095479,-0.820719235577,0.769342110207,0.571818637211,-0.076556595792,0.986329449145,0.71048202158,C1
0.357463473867,-0.328857380474,1.14588776881,-0.809251184276,0.158571701868,1.12946370429,1.20549330093,-0.417828932398,0.121070982031,0.407442043685,0.49379743725,0.322481325931,1.66583014316,C1
0.888627408827,-0.813595479095,0.487926404782,-0.839279683505,0.579851745637,1.7703963236,1.64723865876,-1.38476566003,0.786862951509,0.753498030055,-0.295923531577,0.364854610392,1.71359754924,C1
-0.778980293954,-1.25345042044,-3.67916223404,-2.67101813647,-0.824415066926,-0.504914474963,-1.46505818049,-0.659563114305,-2.05151333942,-1.34446638731,0.406050662936,-1.11821034572,-0.722540160793,C2
-0.828390892555,-1.10982431714,-0.316248595692,-1.04947917811,0.0883583612399,-0.392751266583,-0.942995484874,2.16066900795,-2.06903418073,-0.773474009801,1.28351840608,-1.33007676803,-0.213021162616,C2
-0.445458753398,-0.876431899287,-1.26663723262,-0.809251184276,0.0181450206118,-0.440821213031,-0.621726133726,1.35488840159,-1.70109651338,0.299299547945,0.0989369528362,-1.44307219325,-0.945454722495,C2
0.826864160576,-0.975174845303,-1.63217132374,-0.448909193529,-0.403135023157,-0.312634689168,-0.240218779238,-0.337250871762,-1.50836725906,-0.544211918831,1.19577163176,-0.214246943901,-0.372245849546,C2
-0.778980293954,-1.08289442277,-0.754889505041,-0.14862420124,-0.894628407554,1.93062947843,1.07497762702,-1.38476566003,0.489008649374,-0.263041429906,1.15189824461,0.364854610392,-1.04098953465,C2
-1.02603328696,-0.795642216184,0.597586632119,-0.14862420124,0.298998383124,-0.649124314309,-0.280377448131,0.710263916503,-0.982742019998,-0.911896404348,2.16098614922,-0.539108791431,-1.24798162766,C2
-0.778980293954,-1.01108137113,0.707246859457,-0.4188806943,-0.122281660644,0.200111406283,0.623192601972,0.0656394314168,0.856946316717,-0.198155932461,1.02027808313,-0.440237794357,-0.219390150093,C2
0.135115780163,-1.19061400025,-2.43634632421,-1.3497641704,-1.52654847321,1.09741707332,1.15529496481,-0.820719235577,1.20736314276,0.104643055612,0.713164373035,0.802711883149,-0.779861048088,C2
-0.778980293954,-1.04698789695,-1.63217132374,0.0315467941337,-1.52654847321,-0.296611373686,-0.0293857675471,-0.740141174941,-0.965221178696,-0.163550333824,0.713164373035,1.22644472775,-0.754385098179,C2
0.419226722118,-1.25345042044,-0.0238213227924,-0.749194185818,0.720278426893,0.376367876595,-0.732162473183,1.51604452286,-2.05151333942,-0.816731008097,0.274430501464,-0.962841636035,0.00989339908679,C2
-0.976622688358,-1.02903463404,-2.25357927865,-0.809251184276,3.59902539265,-0.71321757624,-0.75224180763,-1.78765596321,1.5928216514,-0.955153402645,1.41513856755,0.647343173461,-0.0920104005486,C2
-0.877801491156,-0.652016112888,-0.572122459479,0.271774787965,0.228785042496,-1.91496623745,-1.01327315544,0.0656394314168,-0.22934584401,-0.868639406052,-0.225726112126,-1.11821034572,0.39203264772,C2
1.06156450393,-0.741782427448,1.10933435969,1.6530857525,-0.964841748182,1.04934712688,0.834025613663,-1.22360953876,0.489008649374,-0.725891311675,1.7661256648,0.774463026842,-1.07283447204,C2
0.604516466872,-0.607132955608,-0.462462232142,1.35280076021,-0.894628407554,-0.665147629791,-0.190020443121,-0.740141174941,-0.982742019998,-0.570166117809,0.0989369528362,0.23773475701,-0.875395860246,C2
-0.0131160156399,-0.598156324152,0.853460495906,3.15451071394,2.75646530511,1.61016316878,0.864144615333,-1.22360953876,0.646696221093,-0.738868411164,1.54675872902,1.25469358406,0.758249427659,C2
-1.28543892961,-1.1188009486,-0.243141777467,0.451945783339,0.0883583612399,1.73834969264,0.11116957358,-1.86823402384,0.103550140729,-0.799428208778,0.142810339993,0.732089742382,0.442984547537,C2
-1.65601841912,-0.409647063577,-1.63217132374,-1.04947917811,-0.192495001273,-1.09777714783,-0.461091458152,-0.176094750491,-0.772491924374,-0.544211918831,1.19577163176,-0.666228644812,-1.01551358474,C2
0.0362945829611,-1.28935694626,-2.3997929151,-1.04947917811,-0.964841748182,-0.552984421411,0.000733234123055,-0.981875356848,-0.22934584401,-0.198155932461,1.02027808313,-0.185998087594,-1.13015535933,C2
-1.43367072542,0.496992713475,-0.499015641254,-0.448909193529,0.860705108149,-0.921520677517,-0.712083138737,0.549107795231,-1.12290875041,-1.04166739924,0.0111901785221,-0.12950037498,-0.786230035565,C2
-0.828390892555,-1.20856726316,-1.5225110964,-1.40982116885,2.54582528322,-0.633100998826,-0.179980775898,-0.0955166898547,2.04836352526,-0.717239912016,0.449924050093,-0.426113366203,0.00989339908679,C2
-0.371342855497,1.37670259616,0.122392313657,1.05251576792,0.0883583612399,0.857067341081,0.522795929739,0.549107795231,0.629175379791,-1.07627299787,1.02027808313,0.732089742382,-0.904056303893,C2
-1.23602833101,-1.27140368335,-1.33974405084,-0.14862420124,-0.964841748182,0.200111406283,0.231645580261,-0.498406993034,-0.281908367916,-1.10655289668,1.85387243912,0.717965314228,-1.49318764554,C2
-0.346637556196,-0.472483483769,-0.608675868592,-0.208681199698,-0.964841748182,-0.15240153434,0.502716595292,-0.820719235577,0.313800236354,-0.500954920535,0.888657921663,0.746214170535,-0.104748375503,C2
-1.13720713381,-1.08289442277,0.524479813894,1.35280076021,-1.52654847321,-0.472867843997,-0.451051790929,0.307373613324,-0.334470891822,-1.23632389157,1.54675872902,0.152988188089,-0.372245849546,C2
0.0609998822615,1.3677259647,-0.170034959242,0.902373271772,-1.03505508881,-1.0336838859,-0.441012123705,1.99951288667,0.0509876168228,-0.111641935869,-0.515290467363,-0.849846210808,-0.738462629486,C2
-1.43367072542,-1.29833357772,0.780353677681,-0.448909193529,-0.403135023157,-0.15240153434,0.181447244144,-1.14303147812,1.33000903187,-0.868639406052,-0.734657403148,0.661467601615,-0.722540160793,C2
-0.408400804447,-1.21754389461,-0.462462232142,-0.448909193529,-0.0520683200164,-0.15240153434,-0.0896237708873,-0.498406993034,-0.22934584401,-1.05464449873,1.19577163176,0.774463026842,-0.945454722495,C2
-1.03838593661,-0.652016112888,-0.206588368355,0.992458769459,-0.683988385669,-0.82538078462,-0.340615451472,0.549107795231,-0.0541374309895,-1.12818139583,1.63450550333,-0.496735506971,-0.802152504258,C2
-1.66837106877,-0.598156324152,0.926567314131,1.95337074478,-0.824415066926,-0.60105436786,-0.420932789259,0.307373613324,-0.439595939635,-1.06329589839,1.7661256648,0.84508516761,-0.588791423771,C2
-1.68072371842,-0.24806769737,0.341712768332,0.632116778712,-1.10526842944,-0.552984421411,-0.340615451472,0.95199809841,-0.422075098333,-0.976781901793,0.18668372715,0.19536147255,-0.213021162616,C2
-1.13720713381,-0.903361793655,-0.243141777467,1.23268676329,-2.08825519823,-0.15240153434,-0.441012123705,0.468529734596,-0.369512574426,-1.43530608373,0.49379743725,0.84508516761,-0.388168318239,C2
-1.13720713381,-0.454530220857,-0.170034959242,-0.298766697384,-1.31590845132,-1.11380046331,-0.531369128716,1.27431034095,0.0860292994269,-1.14980989498,0.537670824407,-0.482611078817,-0.849919910337,C2
-1.23602833101,-0.741782427448,0.195499131882,0.752230775628,-0.964841748182,-1.35415019555,-0.7823608093,1.11315421968,0.0685084581249,-0.630725915423,0.406050662936,0.054117191015,-0.945454722495,C2
-0.383695505147,-0.723829164536,-0.389355413917,0.361860285652,-1.38612179195,-1.46631340393,-0.571527797609,1.75777870477,0.0509876168228,-0.868639406052,0.0111901785221,-0.77922407004,-0.802152504258,C2
-0.877801491156,0.443132924739,-0.535569050367,-0.448909193529,-0.824415066926,0.248181352732,0.221605913037,-0.901297296212,0.699258744999,-1.25795239072,0.844784534506,0.972205020991,-1.45497372067,C2
-1.70542901772,-0.310904117562,-0.316248595692,-0.448909193529,-0.122281660644,1.16151033526,0.231645580261,-1.5459217813,-0.422075098333,-0.78212540946,0.888657921663,0.491974463773,-1.27982656505,C2
-0.655453797452,-0.732805795992,-0.608675868592,-0.14862420124,4.37137213955,0.328297930146,0.241685247484,-0.337250871762,2.95944727296,-1.06329589839,0.888657921663,0.0258683347081,0.605393728206,C2
-1.47072867437,-0.194207908634,1.36520822348,0.602088279483,2.40539860197,-1.11380046331,-1.04339215711,-1.78765596321,-0.0541374309895,-1.10655289668,-0.032683208635,-0.496735506971,-0.388168318239,C2
-0.877801491156,-0.831548742007,-1.41285086907,-1.04947917811,-1.03505508881,0.40841450756,0.472597593622,-0.578985053669,0.313800236354,-0.933524903497,1.19577163176,0.181237044396,-1.01551358474,C2
-0.778980293954,-1.13675421151,-0.974209959716,-0.298766697384,-0.824415066926,1.9626761094,1.72755599654,-0.981875356848,0.629175379791,-0.241412930758,0.362177275779,0.223610328857,-0.276711037388,C2
-0.877801491156,0.748338394241,-0.572122459479,-0.448909193529,-0.824415066926,0.889113972046,0.964541287567,0.710263916503,2.13596773177,-1.19306689327,2.02936598775,0.308356897778,-1.08557244699,C2
-1.13720713381,-0.230114434458,-2.43634632421,-0.599051689673,-0.192495001273,-0.104331587891,0.14128857525,-0.820719235577,-0.334470891822,-0.760496910312,1.37126518039,0.491974463773,-0.117486350457,C2
-0.494869351999,-0.894385162199,-1.70527814196,-0.298766697384,-0.824415066926,-1.35415019555,-0.671924469843,-0.578985053669,-0.422075098333,-1.12818139583,0.362177275779,0.223610328857,-0.588791423771,C2
-0.816038242905,0.102020929412,0.341712768332,0.451945783339,-0.122281660644,0.424437823043,0.0810505719101,-0.176094750491,-0.492158463541,-0.976781901793,-0.690784015991,1.08520044622,-0.983668647358,C2
-1.45837602472,-0.553273166873,-1.77838496019,0.00151829490483,-0.964841748182,0.328297930146,-0.390813787589,0.0656394314168,-0.299429209218,-1.29688368918,-0.076556595792,-0.242495800208,-1.05691200335,C2
-0.606043198851,-0.544296535417,-1.41285086907,0.301803287194,-1.03505508881,-0.15240153434,-0.109703105334,-0.337250871762,-0.194304161406,-0.916222104178,0.362177275779,1.35356458113,-0.238497112524,C2
-0.717217045703,0.191787243972,-0.352802004804,0.752230775628,-0.683988385669,-0.985613939449,-0.190020443121,2.40240318985,-0.299429209218,-1.02003890009,-0.427543693049,0.972205020991,-1.37536137721,C2
-0.927212089757,-0.544296535417,-0.901103141491,-0.14862420124,-1.38612179195,-1.0336838859,0.000733234123055,0.0656394314168,0.0685084581249,-0.717239912016,0.18668372715,0.788587454996,-0.754385098179,C2
-0.346637556196,-0.526343272505,-0.316248595692,0.902373271772,-1.10526842944,-1.46631340393,-0.270337780908,0.95199809841,0.0685084581249,-0.760496910312,-0.339796918734,-0.270744656515,-0.824443960428,C2
-0.964270038708,-0.939268319479,-1.55906450552,-0.14862420124,-0.543561704413,0.103971513386,0.0107729013464,0.226795552688,0.856946316717,-1.02003890009,-0.427543693049,0.576721032694,-1.38491485842,C2
-1.71778166737,-0.885408530743,1.21899458703,0.151660791049,-0.403135023157,0.712857501735,0.894263617003,-0.578985053669,1.5753008101,-1.04166739924,0.0111901785221,0.915707308377,-0.213021162616,C2
-1.90307141213,1.26000638723,-1.99770541486,0.00151829490483,0.509638405009,1.41788338298,0.552914931409,-0.981875356848,3.48507251203,-0.933524903497,-0.910150951776,0.280108041471,-0.588791423771,C2
-0.593690549201,0.0840676665005,-0.718336095929,0.451945783339,-0.824415066926,0.40841450756,0.241685247484,-0.820719235577,-0.649846035259,-1.32283788816,-0.25205014442,0.23773475701,-1.34351643982,C2
-1.53249192262,0.308483452899,2.0231695875,0.151660791049,0.228785042496,-0.873450731069,0.000733234123055,1.91893482604,-0.947700337394,-0.544211918831,1.19577163176,-0.157749231287,-0.445489205534,C2
-1.96483466038,-1.43298304956,0.487926404782,0.451945783339,-0.824415066926,0.29625129918,-0.0193461003237,0.468529734596,-0.264387526614,-0.855662306563,0.625417598721,-0.426113366203,-0.996406622313,C2
-1.13720713381,-0.849502004919,0.487926404782,0.902373271772,-1.10526842944,0.424437823043,0.261764581931,0.549107795231,-0.965221178696,-0.933524903497,-0.120429982949,0.816836311303,-1.1524468155,C2
-2.43423534709,-0.741782427448,-0.608675868592,0.602088279483,-1.03505508881,0.264204668215,0.14128857525,1.27431034095,0.734300427603,-1.36609488646,3.3016942153,0.364854610392,-1.08238795326,C2
-1.45837602472,-0.777688953272,-1.37629745995,0.391888784881,-0.964841748182,-0.504914474963,-0.430972456482,-0.498406993034,-0.106699954896,-1.34446638731,-0.032683208635,1.01457830545,-0.802152504258,C2
-0.717217045703,-0.652016112888,-0.645229277704,0.902373271772,0.579851745637,-0.472867843997,0.0609712374633,-0.176094750491,0.0334667755208,-1.29688368918,0.449924050093,0.491974463773,-1.27982656505,C2
-0.284874307945,0.981730812096,-1.41285086907,-1.04947917811,-1.38612179195,-1.06573051686,-0.7823608093,0.549107795231,-1.33315884604,-0.717239912016,-1.12951788756,-0.694477501119,-1.19384523411,C2
-1.23602833101,0.981730812096,-1.33974405084,-0.14862420124,-0.894628407554,-0.472867843997,-0.390813787589,0.0656394314168,0.489008649374,-1.63428827589,-0.120429982949,0.619094317154,-0.582422436294,C2
-1.91542406178,0.0571377721326,0.195499131882,0.151660791049,-0.262708341901,0.969230549461,0.7637479431,-0.337250871762,0.418925284166,-0.78212540946,-0.690784015991,1.09932487437,-0.388168318239,C2
-1.77954491562,-0.257044328826,3.15632526999,2.70408322551,1.35219849255,1.41788338298,3.06283173725,0.871420037774,0.489008649374,0.407442043685,-0.120429982949,1.52305771898,-0.897687316416,C2
-0.717217045703,1.87939395769,1.32865481437,2.10351324093,0.158571701868,-0.15240153434,0.101129906357,0.549107795231,0.208675188541,-1.28823228953,-0.164303370106,0.717965314228,-1.21613669028,C2
0.0609998822615,3.10919246716,-0.864549732379,0.602088279483,-0.964841748182,0.52057771594,0.623192601972,-0.498406993034,0.734300427603,-1.06329589839,-0.99789772609,0.689716457921,-1.1683692842,C2
-1.39661277647,1.77167438022,0.085838904545,0.451945783339,-1.24569511069,0.905137287529,1.00469995646,-1.22360953876,2.31117614479,-0.976781901793,-0.910150951776,1.45243557821,-1.1683692842,C2
-1.14955978346,-0.15830138281,-0.718336095929,0.451945783339,-1.03505508881,0.488531084975,0.623192601972,0.0656394314168,-0.422075098333,-0.994084701111,-0.427543693049,0.943956164684,-1.17473827167,C2
-0.704864396053,-0.723829164536,-0.27969518658,0.602088279483,-0.964841748182,0.712857501735,1.12517596314,0.226795552688,0.313800236354,-0.483652121216,-1.17339127472,0.322481325931,-1.25753510888,C2
-1.49543397367,-0.185231277178,1.51142185993,2.70408322551,-0.543561704413,-0.26456474272,0.211566245814,1.75777870477,0.296279395052,-0.8902679052,0.0550635656791,-0.242495800208,-0.894502822677,C2
-0.778980293954,-0.634062849976,-0.243141777467,1.50294325635,-0.824415066926,-0.120354903374,0.422399257505,0.307373613324,0.54157117328,-1.27092949021,-0.295923531577,0.23773475701,-1.28938004626,C2
-1.18661773241,1.76269774876,0.0492854954325,0.752230775628,-1.38612179195,-0.312634689168,-0.280377448131,0.468529734596,-0.422075098333,-1.06329589839,-0.734657403148,-0.0588782342128,-0.531470536476,C2
-0.173700461093,-0.885408530743,-0.170034959242,-0.448909193529,1.56283851443,-1.25801030266,-0.7823608093,-1.22360953876,-1.14042959172,-0.414440923942,-0.866277564619,-1.86680503786,-0.372245849546,C3
-0.148995161792,0.586759028034,0.122392313657,0.151660791049,0.298998383124,-1.5944999278,-0.81247981097,-0.981875356848,-1.33315884604,0.147900053908,-0.954024338933,-1.68318747186,-0.690695223407,C3
-0.235463709344,-0.023651910971,0.122392313657,1.35280076021,-0.122281660644,-1.83484966004,-0.942995484874,-0.740141174941,-1.33315884604,0.277671048797,-1.30501143619,-1.76793404078,-0.595160411248,C3
-0.371342855497,1.08945038957,-0.0238213227924,0.602088279483,0.43942506438,-0.953567308483,-0.832559145417,-1.5459217813,-1.31563800474,-0.0251279392767,-0.778530790305,-1.86680503786,-0.467780661704,C3
-0.606043198851,-0.984151476759,-0.425908823029,-0.599051689673,-1.03505508881,-0.472867843997,-1.45501851327,1.91893482604,-0.597283511353,0.169528553056,-0.910150951776,-1.55606761848,-0.308555974774,C3
-0.494869351999,0.110997560868,-0.608675868592,-0.298766697384,-0.403135023157,-1.08175383235,-1.37470117548,2.16066900795,-1.14042959172,0.883269024943,-0.99789772609,-1.45719662141,-0.165253756537,C3
-0.927212089757,2.13971626992,0.634140041232,0.451945783339,-0.754201726297,-1.46631340393,-1.56545485272,1.35488840159,-1.38572136995,-0.522583419683,-0.910150951776,-1.89505389416,-0.0856414130714,C3
-0.581337899551,2.84887015494,0.999674132356,1.6530857525,-0.262708341901,-0.809357469137,-1.43493917882,2.16066900795,-0.860096130884,-0.0251279392767,-0.603037241677,-1.30182791172,-0.738462629486,C3
0.604516466872,1.12535691539,-0.645229277704,0.00151829490483,-0.824415066926,-1.08175383235,-1.5554151855,1.75777870477,-1.24555463953,0.277671048797,-0.646910628834,-1.11821034572,-0.531470536476,C3
-0.198405760393,0.559829133666,0.890013905019,1.35280076021,0.0883583612399,0.0398782514545,-1.43493917882,1.35488840159,-1.36820052864,-0.0597335379137,-0.295923531577,-0.652104216659,-0.49962559909,C3
-0.0872319135413,0.425179661827,1.21899458703,0.451945783339,-0.262708341901,-1.20994035621,-1.53533585105,1.35488840159,-1.47332557646,-0.198155932461,-0.822404177462,-0.426113366203,-0.467780661704,C3
0.443932021419,0.200763875428,-0.0603747319048,0.151660791049,-0.754201726297,-1.43426677297,-1.53533585105,0.0656394314168,-1.66605483078,0.2344140505,-1.12951788756,-0.200122515748,0.105428211245,C3
0.641574415823,0.748338394241,1.29210140526,1.20265826406,-0.192495001273,-1.19391704073,-1.51525651661,1.11315421968,-1.8237424025,-0.306298428202,-0.295923531577,-0.77922407004,-0.722540160793,C3
0.765100912325,2.3461787934,-0.0603747319048,0.151660791049,-0.543561704413,-0.472867843997,-1.23414583435,0.871420037774,-1.0002628613,-0.284669929054,-0.208176757263,-0.793348498194,-0.627005348634,C3
-0.927212089757,1.38567922761,-0.608675868592,-0.298766697384,0.860705108149,-1.46631340393,-1.2542251688,-0.578985053669,-0.790012765676,1.36342170603,-1.34888482335,-0.863970638961,0.34426524164,C3
0.196879028414,1.10740365248,-0.791442914154,0.451945783339,0.158571701868,-1.27403361814,-1.48513751494,0.549107795231,-0.509679304843,-0.457697922239,-1.56825175913,-1.31595233987,0.264652898175,C3
1.08626980323,2.42696847651,-0.499015641254,0.151660791049,-1.38612179195,-2.10724602325,-1.69597052663,0.307373613324,-1.59597146557,-0.0683849375729,-1.65599853345,-1.81030732524,-1.05691200335,C3
-0.161347811443,2.0409733239,0.414819586557,0.602088279483,-0.964841748182,-0.953567308483,-1.3847408427,0.871420037774,-1.28059632213,1.12118251557,-1.83149208207,-1.06171263311,-0.388168318239,C3
0.394521422818,0.811174814433,0.0492854954325,0.602088279483,-0.543561704413,-0.585031052377,-1.27430450325,0.710263916503,-0.597283511353,1.45426140245,-1.78761869492,-1.40069890879,-0.308555974774,C3
0.0980578312122,1.40363249053,-0.0238213227924,0.602088279483,0.930918448777,-1.41824345749,-0.641805468173,-0.176094750491,-0.790012765676,1.87817998576,-1.6998719206,-1.81030732524,-0.627005348634,C3
0.616869116522,0.703455236962,0.926567314131,1.35280076021,1.63305185506,-1.43426677297,-0.461091458152,-1.14303147812,-0.597283511353,1.53212399939,-1.61212514629,-1.8526806097,-0.786230035565,C3
-0.260169008645,0.299506821444,0.414819586557,0.752230775628,0.860705108149,-1.30608024911,-0.671924469843,-0.981875356848,-0.579762670051,2.4837779619,-2.09473240502,-1.6125653311,-0.849919910337,C3
0.135115780163,-0.391693800665,1.40176163259,1.80322824864,1.14155847066,-0.15240153434,-0.75224180763,-0.820719235577,-0.0541374309895,0.883269024943,-1.52437837198,-1.81030732524,-1.02506706596,C3
0.283347575966,0.865034603169,-0.316248595692,-0.298766697384,-0.122281660644,-0.793334153654,-1.20402683268,1.99951288667,0.489008649374,2.36265836667,-1.74374530776,-1.55606761848,-0.228943631309,C3
-0.519574651299,-0.939268319479,-0.974209959716,0.151660791049,0.228785042496,-1.30608024911,-1.45501851327,1.35488840159,-0.334470891822,1.09955401642,-1.65599853345,-1.49956990587,-0.34040091216,C3
0.209231678064,2.56161794835,-0.170034959242,0.752230775628,-0.473348363785,-0.889474046552,-1.40482017715,1.99951288667,-0.0716582722915,1.22932501131,-1.56825175913,-1.59844090294,-0.0697189443784,C3
1.03685920463,1.60111838256,0.0492854954325,0.00151829490483,-0.754201726297,-0.793334153654,-1.20402683268,0.95199809841,-0.0541374309895,1.7094776924,-1.6998719206,-1.37245005249,-0.849919910337,C3
-0.680159096752,0.622665553858,0.999674132356,2.25365573707,-0.192495001273,-0.633100998826,-1.45501851327,2.16066900795,-0.790012765676,1.05629701813,-1.26113804903,-1.2453301991,0.423877585106,C3
1.65449168714,-0.589179692697,1.21899458703,1.6530857525,-0.122281660644,0.808997394632,-0.72212280596,1.35488840159,1.94323847744,3.43543192442,-1.6998719206,-0.920468351575,-0.276711037388,C3
0.592163817222,-0.598156324152,0.999674132356,0.902373271772,-0.754201726297,0.488531084975,-0.932955817651,1.27431034095,1.22488398406,2.89471944572,-1.6998719206,-1.17470805834,-0.404090786932,C3
-0.791332943605,1.34079607033,0.0492854954325,0.451945783339,-0.824415066926,0.00783162048882,-1.11366982767,1.11315421968,-0.965221178696,1.12118251557,-1.74374530776,-1.45719662141,-0.722540160793,C3
0.851569459877,0.829128077345,0.634140041232,0.151660791049,0.509638405009,-0.745264207206,-1.47509784771,1.11315421968,-1.38572136995,0.35553364573,0.0111901785221,-1.11821034572,-0.213021162616,C3
-0.186053110743,0.838104708801,0.780353677681,0.752230775628,0.43942506438,-1.0336838859,-1.43493917882,1.91893482604,-1.10538790911,0.225762650841,-0.383670305892,-0.708601929273,-0.563315473862,C3
-0.0501739645906,0.999684075008,-0.0603747319048,-0.298766697384,0.43942506438,-1.45029008845,-1.33454250659,0.307373613324,-1.14042959172,0.0959916559526,-1.21726466188,-1.2170813428,-0.228943631309,C3
0.962743306729,0.380296504547,-0.243141777467,0.752230775628,-0.683988385669,-1.51438335038,-1.35462184103,0.38795167396,-0.982742019998,1.95604258269,-1.12951788756,-1.31595233987,-0.420013255625,C3
0.900980058477,1.8165575375,-0.389355413917,0.902373271772,-0.824415066926,-1.62654655876,-1.56545485272,1.27431034095,-0.772491924374,0.675635433121,-0.778530790305,-1.2170813428,-0.722540160793,C3
0.555105868271,1.22409986141,0.853460495906,1.05251576792,0.790491767521,-0.953567308483,-1.11366982767,0.549107795231,-0.22934584401,2.43186956395,-0.471417080206,-1.48544547771,-0.165253756537,C3
-0.223111059694,0.927871023361,-0.243141777467,0.00151829490483,-0.824415066926,-1.30608024911,-1.37470117548,0.307373613324,-1.08786706781,2.2501901711,-1.04177111325,-1.2170813428,-0.197098693923,C3
0.715690313724,0.21871713834,1.18244117792,1.50294325635,0.369211723752,-1.19391704073,-1.19398716546,0.226795552688,-0.0891791135936,1.55807819836,-0.954024338933,-1.14645920203,0.00989339908679,C3
0.49334262002,2.03199669244,1.80384913283,1.6530857525,0.860705108149,-0.504914474963,-1.07351115878,-0.740141174941,-0.842575289582,1.48886700109,-1.26113804903,-0.976966064189,-0.372245849546,C3
-0.988975338008,0.622665553858,-0.170034959242,-0.14862420124,-0.262708341901,-1.67461650521,-1.54537551828,0.307373613324,-1.50836725906,0.191157052204,-1.30501143619,-1.10408591757,-0.754385098179,C3
-0.284874307945,0.0481611406766,-0.316248595692,0.00151829490483,-0.964841748182,-1.45029008845,-1.52529618383,0.95199809841,-1.66605483078,2.09446454467,-1.6998719206,-1.38657448064,-0.881764847723,C3
1.43214399344,0.155880718148,0.414819586557,0.151660791049,-0.613775045041,-0.985613939449,-1.33454250659,0.629685855867,-0.614804352655,2.00795098064,-1.48050498482,-1.27357905541,-0.276711037388,C3
0.876274759177,2.97454299532,0.30515935922,0.301803287194,-0.332921682529,-0.985613939449,-1.4248995116,1.27431034095,-0.930179496092,1.14281101472,-1.3927582105,-1.23120577095,-0.0219515382993,C3
0.49334262002,1.41260912198,0.414819586557,1.05251576792,0.158571701868,-0.793334153654,-1.28434417047,0.549107795231,-0.31695005052,0.969783021535,-1.12951788756,-1.48544547771,0.00989339908679,C3
0.332758174567,1.74474448585,-0.389355413917,0.151660791049,1.42241183317,-1.12982377879,-1.34458217381,0.549107795231,-0.422075098333,2.22423597212,-1.61212514629,-1.48544547771,0.280575366868,C3
0.209231678064,0.227693769796,0.0127320863201,0.151660791049,1.42241183317,-1.0336838859,-1.35462184103,1.35488840159,-0.22934584401,1.83492298746,-1.56825175913,-1.40069890879,0.296497835561,C3
1.39508604449,1.58316511965,1.36520822348,1.50294325635,-0.262708341901,-0.392751266583,-1.27430450325,1.5966225835,-0.422075098333,1.79166598916,-1.52437837198,-1.4289477651,-0.595160411248,C3
